0.16295182403085562,-0.2030163100561329,0.22951248787851153,-0.2237306564163722,0.19772638243354101,-0.026695111248635772,4.235448222084104e-05,0.07068987462273352,-0.23460946722558113,-0.20875005439289102
-7.120812053279524e-05,-0.1344997934589261,0.15515909276937778,-0.23974616947526584,-0.0582412120244738,0.17000272256728483,-0.10565544973871366,0.05393283443362146,0.19090950895733594,0.1912783235952753
0.08179330363029186,-0.07868462852364694,-0.04863497469004874,0.1843114793963545,0.054118392409870264,-0.24518449373055334,0.21735552599124713,-0.020561516715162154,0.11280055952524626,0.13630531105006377
0.13426158181196596,-0.06011036619967036,-0.14159105089572266,-0.21577765713709224,0.08251948623012723,0.22714702051895747,-0.22028599699992069,-0.03304884138455655,-0.0010311748161138667,0.0860881305466531
0.09126596738912568,0.15543533015147598,0.1905736009109979,0.16181893446081058,0.11387950580340828,-0.03332261303241313,0.10365583784467208,0.06192126351202071,0.20406789466775632,-0.06980796285556062
-0.14957725147303547,-0.019428176783532702,0.11825557164590494,-0.22277723979086844,-0.015092570307538744,0.2091371867012814,-0.23024682754880255,0.06470002721319068,-0.002639001996385004,0.2170461591280307
0.14559908298824542,0.049814925998527715,0.02423741983225619,-0.04466519630657256,-0.2119412949126066,0.1926125282860492,0.008420302497666232,0.13601512886725087,-0.15074256142659886,-0.08696850713401627
-0.13167170201174017,-0.0750556203391976,-0.18820136732060455,-0.22776414148169266,-0.23784403256012376,0.14303675571343832,-0.0740093663452911,-0.06452941868607831,-0.041763064760219404,-0.22235063100396835
-0.19909147891081796,0.05254292668067034,0.22736712577126583,0.00014822561514321597,-0.10513183634413192,0.14663149025311617,0.23411130033904048,-0.2175040947078768,-0.04077552220576658,-0.10886551377642689
0.033096631901126716,-0.12436222951509185,0.17060116848837897,0.11200818638949822,-0.06570186266661304,0.1770815143875169,0.05507362967309859,0.09224330944130826,-0.15238555940050608,-0.19535993114966377
-0.141232976453248,0.19797070373898323,-0.05144707267181303,-0.08696413629382749,0.06995095504123938,0.1778845560647636,0.18979614556454505,0.05484228787817369,-0.15848233963310954,0.06650301526155605
-0.11191787293320415,-0.0859101790886907,-0.052880848694792815,-0.052814031117868254,-0.19331489893741877,-0.06045846791838616,-0.059095319363287324,0.24581741121536277,0.10436933850850427,-0.13436162147520053
0.2007568465398969,-0.23939366357590808,0.19112361332103617,-0.11390200412427687,0.21305878086721858,0.07321924828019005,0.23300787938781625,0.10398107139976664,-0.07771874782432275,0.009347727287456198
0.2124521484373486,0.008897742745765713,-0.1177633919185711,0.18850950974972064,-0.109053673840177,-0.04936764313485392,-0.005309214526022565,-0.03281675530984435,0.246188007557257,-0.19398406347633068
0.20140388979262192,-0.07379154235478763,0.05264366249915803,0.17644660621728836,-0.02976160534297312,0.18744308732910697,-0.21785809314971727,-0.2237444675868081,0.20940876813264536,-0.07307096859420126
0.023619784072415717,-0.23662897221248286,-0.0016038769557072952,0.17426997609815348,-0.14082846597667037,0.050485376902616896,0.12468109146666789,0.05048106457552093,0.1351436909748825,0.21341955246572664
0.19672561523013782,-0.0238971031270247,0.015115729942428158,0.17608225355773588,-0.11481010600749203,-0.1395518978794168,-0.17274809887462572,-0.24797323118471798,0.1027581386125927,0.19981575680558888
-0.17554237971333952,0.18216677434897022,-0.21340375918090965,-0.24007492126543573,0.008020773824854888,0.1146560420267026,-0.07619911613814084,0.08848606403047965,0.1908130504456514,0.12121918302964835
0.03883558321051772,0.13666062917968735,-0.21140998195133515,-0.1398157536995533,0.03624070479276981,0.2350594226336039,0.1992880526177453,-0.05979114519584616,-0.06477252212176138,0.18543822068234145
0.23958624363426168,-0.14552722817418756,0.21319221753782203,0.04551453935202304,-0.05161588379504645,-0.11829163729844455,0.1160428959766372,-0.1905908322238375,0.05391985052074333,-0.06496011814415414
0.017144757921178866,0.08371279153150818,0.1576690197660366,-0.08909409402204693,0.19738572589200287,-0.11411169976295621,0.0421086769333322,-0.04027671655602688,0.00736582460236801,-0.04517015551592113
-0.0007617133657280561,0.08066082622045712,-0.04707988224583287,0.14886389417337748,-0.15938896786865447,-0.13868566829447943,-0.2409460808917503,0.22326187890918542,0.20422152717029796,-0.028946570610495104
-0.12601700377844,-0.03087037126063058,0.20307078554597074,0.0649259053933649,-0.22285239356048575,-0.09967743404248403,0.10333759399891723,-0.08107729149048154,0.22622297982792533,0.05255999441798476
0.00032399291699453103,0.09251826764849119,-0.012730503184903486,0.22433150148703518,0.2055743345469111,-0.07503924790525485,0.016973063199287375,0.057657444364251076,0.20984815313194283,0.038596248567739966
-0.14212263569378486,0.15175359766090513,0.02582164630876077,-0.18142570778587208,-0.20878101984341835,-0.16308684897145276,-0.20800314912147966,0.06655877722960646,0.11966006437971621,0.10936654244740762
0.08596905270114308,0.24314642914772594,-0.15354836437931757,-0.2060579667295967,0.16866443626615008,-0.02058520390135571,-0.03905775494934538,-0.13777031729026373,0.1680205290318565,0.20476437291554445
-0.24491724086289196,0.2363800392775423,0.03911577676813344,-0.09789191146200132,0.11918671576011142,0.15477553487263496,-0.20210124730679024,0.08072728125217854,-0.04801550046496972,-0.0890144892111066
-0.04425694116142859,-0.2152338318691443,-0.011828858284888055,-0.07030332453073168,0.24441869174313635,-0.24637967939817418,-0.05769424812978513,0.06880574719616445,0.23130282371055683,0.12233795848913581
-0.14449193131252708,0.23705157700101775,0.18666572431324713,0.16083932479857704,0.16736653719786965,0.03470936668956259,-0.048297630938701375,0.23452606839450574,0.14268711100565684,0.24102111795597597
0.1287068230198155,0.20016347463563677,-0.19462980029614202,-0.1814402665297461,0.12347943871083228,0.17102895655530648,0.1708934166526888,0.16833763881720998,-0.15591003219717509,-0.17365503250176478
-0.17746550252898913,-0.11194576886998336,0.11470897603623448,0.060910365743159944,0.21529450046379972,0.14467673903371503,0.08623350481944142,0.12901718311497395,0.16199356499015993,-0.144460073859826
0.15861126584009488,0.10731209505279765,0.07003619893162327,0.13798938966183394,-0.03487101657358177,0.09574909203612658,0.06426609675775752,0.1264990606607191,-0.05121503758107082,0.20537703400950091
0.24932055933884578,-0.0576862812047646,0.09674900874486225,-0.011688162083466402,0.0841349728720705,0.02466541744880585,0.11277720068784097,0.22184459576096982,-0.15930439653026396,0.12628138869831013
-0.15707982453309682,0.1691000443274061,0.00891669586933086,-0.16120584227497692,-0.07028651118253182,0.05433505920091275,0.017203645388626454,0.24859165012041934,-0.12472266583269948,0.17730914416102245
-0.18290375916080165,-0.2086664157989942,0.0958791447345978,-0.22042237624369415,0.028921083557702176,-0.04277672569233415,0.21420683190091916,-0.06180033617004199,0.010514602084596647,0.22178953506521915
-0.03115708436381276,0.15735774234416272,-0.06842461614417183,0.22935275748584488,-0.19028258047835206,0.06704728315499564,-0.2481651596395817,-0.16666548856743524,0.2474262202581891,-0.07814061196271915
0.19613813382108658,0.11203006239051266,-0.0010834935159002024,0.17411577015191848,0.02309541688832467,0.23342992606061874,0.1508274553443012,0.11976764456611638,0.021340398650284198,-0.1306699575707997
-0.1617037015451957,0.12154783728687463,-0.21421947609759667,-0.06269866395088058,0.2124142736180929,-0.035589159338783816,-0.10411603328789759,0.1655521998295441,0.012428640153185122,-0.17269993870234923
0.09391250186660571,-0.12423260505271677,-0.027658300282622894,0.16315379967138033,-0.09811155230411295,-0.17339219041381532,-0.24613066895087637,0.022372479859453065,0.10518986380116596,0.2463566652672735
-0.0736745072723658,-0.18630037621751483,-0.07576869386635743,-0.059721324454292235,0.020469682822067292,0.03014729264911853,-0.16820914193580339,0.20577572886488926,0.19346106897435356,-0.21938955407914573
0.09857305022812979,0.18403362784837068,0.1265862116473519,-0.0679855388751941,-0.17889222686675826,-0.08601233990534968,0.2492167893586325,-0.016558797759297195,0.16578738837038448,0.19820194304573185
0.1775533155210639,-0.060119719450051345,0.17287807135777888,-0.05762225626370859,-0.05821298710356115,-0.18315309560190607,0.07138964331146969,-0.16368950446626784,0.20872404232374075,0.19641935404039396
0.05173272224295494,0.0070741870103738225,0.19623550708718446,-0.2265307107496774,0.05527560258261016,0.14116350153400975,-0.09970236680502054,0.1608178095078419,-0.08055427800411108,-0.10869696581319882
0.20712819660365012,-0.1488925608773588,-0.20323105597844948,-0.18934103823718068,0.23721422164653566,0.08417329903405452,0.01861403489720448,0.21161013461017342,0.21459147259914357,0.08949819919991209
-0.14402071498881208,0.04901172693524264,-0.18331881164160468,-0.026594910315824394,0.246899117857381,0.10158182546281413,-0.1144166704112497,0.1910537232717533,-0.18014354694446866,-0.022082912697570345
-0.19573791031307958,0.248945573302502,-0.05329661418077414,0.16842275351577313,0.13259814885665255,0.1273386269093819,-0.1416083740678008,0.22692204864974175,0.06515219030482466,-0.22262543363634313
0.02096780628044992,0.09981135102994987,-0.20834477879970809,-0.13439389133818397,0.10050268055254602,0.03742380385831895,-0.01662289221292279,-0.2426875911827216,0.12300040713011479,-0.13721878737149162
0.00975362219392234,-0.08694227271625171,-0.1876922966473118,0.18630416629357782,-0.18537623840545248,0.07269345945777755,-0.028159351643609165,0.22046717565137391,0.022274107998587256,0.24626608316490795
-0.21231562348829708,-0.17691154929186964,0.08997902896544019,-0.1143713546483297,0.18947936502153462,0.06620782606428549,-0.0210460821325697,-0.061364744986239506,-0.06703736735515076,0.11174694627782927
-0.1928980026167993,-0.11447214201469819,0.24989628945338732,0.18523547539022822,0.21335357164509988,0.24578199862258832,-0.12339893973607186,-0.08483397153424355,-0.03950354995153493,0.21053973531573372
-0.1296522304246983,0.027492641884403424,-0.23064690762581896,0.2426899998905287,-0.1281596406941906,0.2300520038421539,-0.09925893338800879,0.21127795478666217,-0.1460256189751432,0.0866972475518214
-0.04318080263555074,0.21163091208830043,0.018335558713871436,-0.06932310577001088,0.03058053959685353,0.15550845905476612,0.1609809893905782,0.23080304838890414,-0.19946746541785637,-0.008770731836809875
0.022282246820312712,0.10463372064344761,0.0763725954863988,-0.14582395134862686,-0.10968878435415236,0.20201859478573608,0.051422687149907276,0.16285745363003362,-0.06114967364503415,0.08767838595197719
-0.07463335634265206,0.2057077206573773,-0.03510637224234586,0.08825159610145034,-0.058682067166711704,-0.15302901943509112,0.059984443038489044,-0.12348025476200847,-0.24872322357294602,0.013166109640101675
0.10669615486005762,0.009038855966362058,-0.020741176746950973,0.1007028158440198,0.0015907724835138581,0.18407889344982747,0.0013385770502774563,-0.07198272306716258,0.17001153266591074,0.1839705408083439
0.07792204101088795,-0.005649511506195526,0.12542909717405248,0.07562336187734364,0.14802859090858345,0.09126230562159438,0.0024047518334087137,-0.005399983633575245,-0.20778135250333934,-0.21181575215809412
-0.09877556090976769,0.18944896196209682,-0.12432230655524307,-0.19163879063474992,0.03667699289808862,0.19076198426382718,-0.07989922679355882,0.06958532318541555,0.12605344466771679,0.18364844693806298
0.24267768012178226,0.17964285945988012,0.04364686227341008,0.14893354930966407,-0.09918550316748925,0.1987868351021541,-0.2374611002855509,0.2107869530285263,-0.042923292818072,-0.1463762495874535
-0.17357715479964453,0.132289340568436,-0.22028752268462093,0.03953114360285359,-0.05095220847050713,-0.1372871504321745,-0.07799145025891946,-0.007601500397894367,-0.15060144049392504,-0.0045916295717840505
0.04835342524364067,0.10003179218033836,0.19223734972227002,0.23906953524792246,-0.2359323072992005,-0.007988770470309159,-0.15082805918371045,-0.15219484474835349,0.1388216423638179,0.08835579605690619
-0.135311834368879,-0.18266529941102133,0.10475783412721201,0.0818674301538086,-0.08822000501236471,-0.09184660360225272,0.0034653370079404944,0.01083673902836968,-0.10486567589379414,0.18643560056692626
0.12320190775832773,-0.157133810590123,0.1920860748241089,-0.007984705755043509,0.03844380629584926,-0.19027166506296928,-0.12952901515684012,-0.21951762911339562,-0.0722096674201691,0.14595951038225724
0.006987311310153788,-0.19171895979130088,0.18038788313451637,0.11507416778004381,0.1166607263104843,0.2385556434888027,-0.07296983413348407,0.048259190608619495,0.2247638056380739,-0.1850073189141806
0.20854464542003476,-0.026100404693233548,0.1475366452656543,0.11676909463778451,0.006231484689206812,0.12446450709604506,0.081892821009861,0.24166575952200653,-0.09472243693714338,0.16931627797986898
-0.237891406486198,0.24232080503831438,-0.06274707645650957,-0.010682103859819714,-0.13659449696879594,0.04742592571008403,-0.16600998476318435,0.18973130252636522,-0.005069034063880706,0.2463378838188981
0.014506687506774363,-0.10109135143285675,0.14530865870920423,0.23964761447412303,-0.19052425916434673,0.13520995345472425,0.12010969577650898,0.2416193364167249,-0.16932191293610727,0.2460940143280116
-0.10895558175214937,-0.01290162063119732,-0.11917672019099917,-0.21770735725309576,0.09146464222065032,0.13669233643775647,-0.17675241938066305,-0.13076417757618203,-0.2333591115145977,0.0418791175720315
0.1619228147071955,-0.13657886852862144,-0.029020515246294232,-0.006000347413677776,-0.11170910961813246,-0.09658542077609095,-0.1118173814800778,0.04644773079264125,0.019117767625842885,-0.10881232209800046
0.14155051119293044,0.1012968218107761,0.1284195476681802,-0.00266127667201288,0.24064553242969827,-0.07021580197592142,0.2145254484330107,0.08735539997920577,-0.08126812665560584,-0.18149053244974117
0.24752370139848828,-0.0224492289640687,-0.06168072934202129,-0.13112969511002726,-0.018112343686746968,0.14548417774068545,0.20118610373839507,-0.02346603604220815,-0.08163177820791523,0.19104866286439365
0.10345867975112366,-0.1977729301792469,0.036864197635425755,0.1992001262599737,0.04330161846023062,-0.05511518753998462,-0.00886597612078499,-0.0100870339714072,0.11083207757018249,0.024736311420053614
-0.21247612320825482,-0.015290806805599244,-0.16099739518124212,0.013363086871808316,-0.08432250200484093,0.15317121327646271,-0.036855128178294505,0.16902039219812998,0.17018971291810658,0.11487840635545687
-0.12951703928563446,-0.05860728422048672,-0.06943787763545917,-0.11596404134073135,0.00815450505878218,0.0824370595927395,-0.05103202377949828,-0.24001814327112936,0.17172933003910817,0.1115090932394005
0.08280267532501007,0.05052481372961021,0.1522013855946911,-0.1681246480377459,0.2154460134211566,0.19078432385729116,-0.003431088677355809,0.21584679079910019,0.1884099138453198,-0.1825067967040952
-0.19737200393982368,0.02556911872133527,-0.18822394482870825,-0.20227371571579855,-0.08836415568046968,-0.15291752808894715,-0.1628030661885973,0.23553519886295038,-0.1614508544498222,-0.021192261330110318
-0.017722757307968517,0.2183437133609452,-0.21405409381830826,0.16939903489084673,0.1239935072683585,-0.12339767255512057,-0.19482537458059318,-0.10057922790202778,0.20678733456608528,-0.026549571980073017
0.18041522872760296,0.21702255214058092,-0.18995369915234706,0.09804578142843623,-0.011081360832868703,0.09481984648616654,0.15457838198626517,0.22428257865915285,0.05126580901559269,0.18549636985800744
0.06330561379955901,0.05287500376781251,-0.011728738613634881,-0.1782021475959909,-0.19303524829269086,-0.03898352789650439,0.13485731726835676,-0.20188472325716966,-0.23948092687789652,0.1309312762439886
0.12115205739229518,-0.07346936305975182,0.022975262053855416,-0.1282072796109231,0.002173628309475484,0.07805536205117564,0.10012696959930645,0.11459605926038502,0.059220113596200386,0.22365596561704704
-0.1403453768362583,0.001447023383610968,0.10925708098608339,-0.2174514905790122,0.0332665515072037,-0.03349452329999736,0.24349669125676066,0.057173993013643454,0.09536685553900759,0.2378345677653962
-0.06774531127222694,-0.12383452417355306,0.11801251049609568,0.08275285371069785,0.22606544982409776,0.12807910230883185,0.0289049114179028,0.06554653785873349,-0.08709972160699297,-0.1366711195927255
-0.1262525253539979,-0.19485460147997669,-0.014682429479125236,0.05426977152450441,0.175053488186019,-0.15985129115320523,-0.03412434546745646,-0.20648170116385517,-0.16079533274969782,-0.08600709282478564
0.09590698111678264,0.24590312143027077,0.08921601332539669,0.17698288984380828,-0.24866420003334183,-0.0948868864130511,-0.11951752576963526,-0.13298747687168216,0.0680755098174064,-0.11024561363866725
0.18505623865181542,0.1741422296258563,-0.23990872280456388,-0.002893099327136772,-0.13955643597808698,0.12970721851957734,0.0516738963759838,-0.09900060166629487,-0.1555066552692952,-0.20065671432609916
-0.1348692870604266,-0.1821962858930905,-0.2063231117434977,0.12180796400226812,0.010467034768758932,0.0686116910501775,0.01858164568297338,-0.12565691659608275,-0.13623528227809445,-0.10124913363999577
-0.1840898616745562,0.025237665584680657,0.1773505836796886,-0.21808908859489673,-0.03587555111423679,-0.0890097288868788,0.1961836110656368,0.1728352480241,-0.00343165521284583,0.00819462477366062
-0.22085350775897206,-0.07772328798115075,0.09649019743660997,0.016084234563493616,-0.06698707435770135,-0.16834225981573947,-0.12799546410866647,-0.09438922140297601,-0.17008244227017455,0.10192148155530206
0.1459385713090659,-0.11866508561064987,-0.19413230209747423,0.17992291337886063,-0.08355346981486872,0.12352894251775359,-0.053143274926535866,-0.20971250409255,-0.16473813073775173,-0.06504085693391642
-0.0322210294343257,-0.2115848366784287,-0.2290213443925289,-0.1507629758869365,-0.10761414865843,0.22061140582365374,0.15123772086685872,-0.009248830060823277,-0.039794796109885955,0.12290876984152493
-0.1464925004198071,0.23470904643836954,-0.019847458667275497,-0.05395767573675431,0.06443361188174657,-0.09815337896789861,-0.09215917618733022,0.13085809084375016,0.019203995545752806,0.1901643229736123
-0.14867095246922768,0.1174963319128724,-0.1885293178529036,-0.12035134143903847,-0.06951422086466252,-0.06212013315317577,0.08529918477871312,0.22731874143886527,0.061885476738447964,-0.07714486572249679
-0.007607500563153735,0.05338618498307235,0.09219632321945992,0.09750897536691916,0.09166884572981382,-0.23250770293576356,0.1513661663803632,0.00021564030326354233,-0.2388929224376985,0.19705451033044336
-0.0962673131374332,0.06172663226259756,0.2236006265504521,-0.11917901002011494,-0.06056340505494584,-0.1643382430938769,-0.0140728201032565,0.13216240302655813,-0.003225043020274543,0.006841097130197538
0.09876236161262886,0.051413022082700155,-0.21122955263043658,0.07383773448077835,-0.24977712758485282,-0.12513823602875773,-0.18043575249236665,0.06798111684595382,-0.14569216167193677,-0.04815921045456306
0.15454306188903227,-0.09990510785641554,-0.16122597454188453,-0.23225072303133448,0.12233264039358932,-0.1482209311977994,0.2112111140909298,0.13241694948831562,-0.017106675645461533,0.05791378313246237
0.09086461989713573,0.24173090569646377,-0.1253529183895512,0.19267655094987357,-0.20060531451666508,0.043989748063625655,-0.2176262555839254,-0.0352825016115616,-0.20073412057580958,0.08995815870164942
0.07230721468754964,-0.1307479825252496,0.24164871507316055,-0.21960800282024184,-0.014293906785720845,0.15401288070766928,-0.23373143184504136,-0.07277350101563868,0.14213545328028176,0.05775287082280689
0.20602454341819254,0.22395800637980262,-0.11621010744839716,-0.14345702399656102,-0.23547612425616216,-0.11954598560672919,-0.1192423713577877,-0.17718047819021582,0.013268493309879559,0.015163073237679792
0.21700162818251684,-0.04894566642741732,-0.19423756707820977,0.2478844302587508,0.18032712096894965,0.023851337592423305,0.23080099292480594,0.01974276817995574,0.14238808985830004,-0.006928168812182389
-0.1418194780871202,-0.1759736643907358,-0.07046716236180822,0.23146422653846288,0.18499617779269517,0.014703692907442778,0.00032271032422404033,-0.0493386287708506,0.2304647359156063,-0.15105451823726274
0.23602679443544466,-0.04513449714395246,-0.1369710731940727,-0.1719158554353949,0.10937374788423698,0.24341866174257876,0.09003068525668662,0.01862695586000357,-0.217472237087511,-0.1331939067832696
0.012718051745658987,-0.2374453285829925,0.004450113736460148,0.137053153526148,0.14295981403321995,-0.20458570878838112,0.21921014316644288,0.09562938723483921,0.13934847012346468,-0.1729743547070528
-0.17557219020378773,-0.008957717857885517,0.1356141129475783,-0.13290279287553497,0.1722134532036052,0.21344610374535333,0.1649616435711092,-0.07175445825211146,0.031102985618710388,0.022203258393092562
-0.19526601230020135,0.2134056426492526,-0.0839173850304713,-0.07245531561820812,-0.245609216493272,-0.06046899478386908,0.14000408597693048,0.23537451043178736,0.2330538914486182,-0.23441237708274953
0.22218923968858978,0.16969103437804323,0.10722170425880478,-0.1954812010241353,0.14080404879389063,0.036964327995655355,-0.10705975360671577,0.1965192859322628,0.17248500177555165,0.005499180691907191
-0.007348521499887295,-0.20406417858857462,-0.21126672266102642,0.03531535083314308,0.03498182957012924,0.2082693985566892,0.1946842990325055,0.02988221772481986,0.23573691673540137,0.1614854751331033
-0.014971913047302388,0.02949722970639579,-0.004053326573528415,-0.1965159972692615,-0.0724425912129083,-0.010708565610040577,-0.026101170309926036,-0.17359856712224503,-0.03176090524370312,0.11993314884323841
-0.19480083170671275,-0.1161741782200203,-0.08044152934101773,-0.005108148037188398,-0.018287115983516677,-0.18416367892477675,0.148266076721897,0.10154070406195836,0.06269837021582803,-0.02121840797849739
0.1818262559525483,0.1704232086921364,-0.22492007059054842,-0.21912493885586065,0.1546084521749932,0.1776554388266493,-0.12536238111801196,-0.07381535258479738,-0.2203066081882864,-0.19617405865898735
-0.20910743008051774,0.03581072619752129,-0.16238526422118832,-0.05261310296692456,-0.14992941417338423,-0.04695855600069476,-0.03569644205917788,0.07809222627495638,-0.0718914701663858,-0.12692087228882215
-0.10301294348950168,-0.15023172199786033,0.24369243633725413,0.12991753455606858,-0.18989226388566582,0.18830427429914598,-0.030004599238793783,0.22370216470931586,0.08996391120219999,-0.14415200633736358
-0.00970959314998543,-0.21562947212221584,0.12005809365612963,-0.08800951126231715,0.24540083507646,0.02357785776951893,-0.0601673043864156,0.21653711378096185,0.013929493216620348,-0.05545440766694232
0.10995023777136881,-0.048959169404825864,-0.06701736244227324,-0.14983478837515968,-0.14852450850039745,-0.13795224708671638,0.24363795823304002,0.0695359938572489,-0.026074862151555855,0.06350796203709397
-0.0507855719531492,0.07826305608581158,0.15880406512142764,0.18575353245654708,-0.10520695139148101,0.19721560833549395,0.2257493337868352,0.18598337346427662,-0.14860816263208637,0.01377377198322155
0.15406877266087948,-0.04651055314992131,-0.07344595294136408,0.2406062050163983,-0.03355947793248887,-0.07809779675446338,0.20116162984451047,0.181528126896643,-0.20542377431660053,-0.18115675820472343
-0.057213588268808624,0.22098443381967509,0.08799148660608691,-0.06780042566001232,0.2476647133527991,0.03283943865575206,-0.06898218832751529,-0.24306094602771477,0.19307138433317012,0.1831158786012999
0.08104027801431318,0.16282163361261914,0.2286390649484793,-0.05410116569612927,0.22804137718774115,-0.2316656213351777,0.15874348558332602,-0.03171514120350871,0.1923916429228379,0.03551479054162843
-0.0524568507391589,-0.13960885986577415,-0.080912561784303,0.055132415179422245,0.1196599327451463,-0.24858407690822515,0.03816191864611268,-0.007513324354997519,0.18114694682972599,-0.10980483556132786
0.01432473032419218,-0.13937600348843182,0.16801558292387314,-0.0033720606399497144,-0.0950760591601515,0.14524765747261786,-0.12888395446516593,-0.08978565824918727,-0.17862554560913801,0.23504929398708518
0.08953923513861445,-0.054495360084696576,0.21629234697278382,0.1440868253069124,0.17793109549049552,0.2323502931878384,0.010532784247865523,-0.15380459511435024,-0.1716010328867994,0.22583570548861082
0.13132267374658457,-0.032623260007219435,0.003600456061126023,-0.20448975512275802,0.2309732670056706,-0.04229905121286548,0.18956485445860838,-0.046861634285587095,-0.23479408390790912,-0.23330104220997516
0.18854936139158535,-0.06631521311899197,-0.14380627595991496,0.059249699715032744,0.10180221634191428,-0.021203331894249,0.13102814310944655,0.043536513153524914,-0.029842510946579803,-0.1003760913109677
0.0038034422139734403,0.09004210883116559,-0.24594153472369779,0.08307490160419512,-0.23891151455225013,-0.027764157534799327,-0.1840870681165831,0.2135249312494759,0.16909664439566385,0.09248808001928538
-0.041689662041198616,0.12093210709102425,0.21589755891663115,0.24640872846705913,-0.023160851120245185,-0.1966711486502722,0.016734391330973986,-0.2205795763564926,-0.18973632277909247,-0.13176416224998339
-0.005623117503834485,-0.21957397624863229,-0.00346912009840894,0.21837019594177826,-0.16209282418072818,0.09829560735025306,-0.2366167408966443,0.1173189375930177,-0.10792469192397841,0.15208101812993913
-0.22593778029819234,0.1430060271038212,0.12049049423185931,0.04056066483078857,0.07829995593117822,0.2182986794812698,0.11183135491330276,-0.1246095671871193,0.24624754582657038,-0.1303316314994511
0.06617914484482201,0.22306487158379218,-0.02611269229612806,0.03230926168224141,-0.23551652620634966,-0.012601806672371318,-0.21576705054273526,-0.2473374131924142,0.12173622394209888,0.21609652630688642
0.1757475181434371,-0.04290846822640637,-0.18701415828685675,-0.18992883324568438,0.18468929896026887,0.2434579448027291,-0.1773987959564795,-0.09176146187241974,0.18925289244308424,0.08324234197572777
-0.06147176695876316,-0.09984439864551953,-0.05313193710297759,0.024389461051570083,0.055059577856549746,0.024620262875385324,-0.13976866249823106,0.10419453434751835,0.19998654293913304,0.0255198909978262
0.19095330613247635,-0.2075725597869421,0.06435417039183,0.13095497213383211,0.24646154399119774,-0.24346078439682584,-0.07769837557092124,0.08867753649272425,-0.09128917307251688,0.04607416720227431
-0.005252041484845149,0.12554184707912558,-0.041445487921009994,0.05797462000821191,-0.11082226942684748,0.07045441456431561,-0.01503163470700819,0.13156059547401827,-0.16170383886323403,0.13523992052199973
-0.05950391314721498,-0.16550898026429672,-0.09858201317210874,0.18433158830513474,0.00873382755522878,0.19032908670952797,0.08198022076511574,-0.12145879193524717,0.0035567010197892213,0.20466627142691324
-0.035063425092979106,0.23665647293845987,-0.14692220821953278,0.15907653386003312,-0.10635580497361541,-0.10729833687215401,-0.223473780510345,-0.14434606833681274,0.009371154568857787,-0.24778483557594322
-0.22114304621558073,0.20098407352544845,-0.21975449388171492,-0.07408917494527334,0.11353294549734494,0.04012140861074104,-0.09927670142264416,-0.03340795929908469,-0.12936930370261884,-0.18090848408554216
-0.22919060876747388,-0.06268501278549526,0.2314009724084568,-0.2190781068356255,0.022077250395272308,-0.2278818544274968,0.0995084090749897,0.2390329319207577,-0.03148231443847527,-0.05881353783038645
0.06958120742145274,0.2324018316749184,0.13472590772988136,-0.24005148360891748,-0.14757720019938664,-0.1728109961148505,-0.03107945964540254,0.04525742781911013,0.192505338219639,0.143648810216929
0.08847620655876703,-0.11609395898733799,0.22153052749215457,-0.09085022461033448,0.06503815069405844,0.19266604630137885,0.20048477042912333,-0.0794117138641307,-0.21134993026493537,-0.024598509903709487
-0.14512581995408197,-0.12437363958632075,-0.20504181541961075,-0.1621851382769694,-0.17317298125784875,0.06833448434044848,-0.1746011465221441,-0.11755582682360599,-0.10509709820956714,0.11873493531812296
-0.22186912925100688,0.1873827085627115,0.21137104677628898,0.24468207629150296,0.15137133495269361,0.22548764321775433,0.03591168531097355,-0.20825723470597185,0.22707059053357154,0.23333746936560612
-0.07540612064726038,0.1720444125759545,0.23278912278001473,-0.12089686878887224,-0.0925788034608388,0.17854352939155493,0.1101802608040694,0.21847747169856724,0.21699584877445038,0.11624953711398761
-0.04494462155175449,0.08898467133690768,0.10491534524840124,-0.22766116733362696,-0.0008831155923396672,0.08924326096738022,-0.09858317056179211,-0.23516014742993818,-0.03673696162316892,-0.03726200666657753
0.15393551998939825,0.229344347469007,0.057452705775677126,0.21383980564098543,-0.22125136160575526,0.08336425952677406,0.1765053577978168,0.10767749281808142,-0.15103454366724733,-0.22011745945729483
-0.028435320744453818,0.14536819567390108,0.1631780352775054,0.0017723729132890775,0.15426487755288693,-0.15058541360531869,0.19845020360772736,0.04545859856500728,0.06542097812292047,-0.09188731644526071
0.04811612300600043,-0.07974707839816586,-0.024452101671203208,0.1418552539199301,0.039981774511588186,-0.03855153423966601,0.09045369112841961,-0.08808289111672135,-0.20986548763745116,0.10891715034119881
0.1420889072504805,0.13948426505991357,0.16753648194398751,-0.06844309385922076,0.11743321009302166,-0.11739317603908273,-0.21677608332025433,0.10295905405600325,-0.1820647503665227,-0.19260524359954
0.050265155398025285,-0.2415078644140209,0.10600269733213269,0.06538810733122385,-0.19384889744735156,-0.1111671009045353,-0.030082590047576185,-0.05465709744113717,-0.18342938215672983,0.04003228869093289
0.2175595514837983,-0.17321512372508224,0.13929489131261164,-0.08820859090086947,0.037237727320977965,0.14932046051391334,0.00912027831304163,-0.23695102206666124,-0.09588712349424289,0.15277175032540397
-0.11713291219538619,-0.04298453091986559,0.13743037957969678,-0.19362207047498348,-0.0728727265229917,-0.12529759203432778,0.18957446230932928,-0.007484418914753599,-0.1696918115050174,-0.20154714697409204
0.21794288675510942,-0.12112337102243875,-0.06084659734260256,-0.04722751679814924,-0.14537719200669746,-0.13866381483751056,0.1061155101779806,-0.17125765727338732,0.15997210942949758,0.054807322756815324
0.1767411013269336,0.0026053993533888264,-0.09604615440647923,-0.12247852049319358,-0.13669868295647103,0.06871433569940749,0.08333099126382787,-0.23340060927702716,0.007574940779172479,0.04619648395524206
0.21027482250480461,-0.040075382488679534,-0.007500664539096702,0.18536339758066495,0.12677441224834557,0.24670524711580655,-0.2284488236948718,-0.0718231288347479,-0.06076338643977586,0.08826488380751979
0.10464829237231438,0.06268767230717293,0.034415437942017846,-0.19861555735510444,0.08119041474557953,0.23661497067404524,0.14123416032917507,0.19939746742965803,0.05298663757732208,-0.15865254345443658
-0.04876509995071321,-0.22296473474914724,-0.20424410878970145,-0.14263730417062875,0.1162066253286797,-0.12053086243285832,-0.16184436036180155,-0.2407482280514277,0.09585100619169656,-0.12706999977186872
0.22293873549713672,0.23205162737047863,-0.18940218349683247,-0.15081660515463824,-0.14901832698560163,0.2061505731710212,-0.06073574473381599,-0.1525979783064338,-0.19324229465713405,0.10836204657456949
0.12285214108951625,0.037991749463832436,-0.10229733522720164,-0.2379953873838398,0.11792662133163512,-0.04176562422722013,-0.12362476524395988,0.018023557456841477,-0.04495804414143362,-0.12741454585713613
0.23084078349268233,-0.11731925032773705,0.10434311375382288,0.172476510124133,-0.10248461981600032,-0.07765488593154313,0.08426821955604696,0.1012877201902101,-0.07240004198786626,-0.12614278493467485
-0.24201840206832692,0.05388722027088533,0.13667414141967676,0.04090489817238557,0.06365993294670158,-0.11881306157928256,0.1656839562794098,0.21458021376103797,-0.10719021114065369,-0.05168182373235869
0.141741690087199,-0.21116112309652063,0.004471482059995313,0.018060037840889998,-0.06616861961787551,0.04374143812179487,-0.2224041372725849,-0.18776826991602202,0.1959298206495761,0.18387124883238598
0.1532099768636635,-0.23520657590161287,-0.10610017516460984,0.1586932331478012,-0.19868135431267414,-0.22350746575205416,-0.04613851314627976,0.19295169230270126,-0.20569842070168226,-0.020236816056436846
0.0335978099906209,0.009137028047568108,-0.19881055513114204,-0.17774695454473377,-0.05194896914663055,0.18450552017193356,-0.17040919172382746,0.21662787644324177,-0.08474951050424512,-0.2007220014710353
0.22941406174745554,-0.21663959115813675,0.07780009479946343,0.10769041489277303,-0.09019837339340753,-0.22031369011209484,0.1402184915737376,-0.17063862433873356,-0.20992464748114248,0.20233488894589508
0.034908468418647476,0.035873874717795684,-0.02652663170937375,-0.234369834192181,-0.048254539149085396,0.0039114706824032175,0.03130551094628459,-0.023791230207752645,-0.15623606325423567,-0.16200438495562802
0.16463048945824632,-0.20600699132777767,0.034272560252462725,0.07748375780663164,0.09611150113909289,-0.24831580394454011,0.1556810871228796,0.030367728130325677,-0.2485248890862281,-0.012055033629941203
-0.10468344474859159,-0.13028413623911023,0.07968807175336079,0.1901628955201486,0.21659708479413947,0.005437797347826179,0.10938576421452173,-0.22683509542085145,0.11858913849256397,-0.13627915926624096
0.04838289613710217,-0.15635087366901013,0.23995843510012832,0.0008925994312898311,-0.03514389575669652,0.2065351853963593,-0.026047946494107577,0.16721975555217,-0.1561912648724782,0.017461017258091682
-0.13648146167897746,-0.017247803864109734,-0.21645384148278024,-0.15461615429763165,0.03362430461023974,0.22382519378221805,0.13180038629180585,0.24322515364180564,-0.059898655626120845,0.20132680801122116
-0.19322238231266342,0.1301348531375709,0.14145352347782464,-0.23796091907653405,-0.22442680657798364,-0.11232845511712924,0.1961465627379353,0.24800801338733547,0.14252163994602007,0.21866229113286478
0.019325108187505324,0.14342566835872606,-0.19492420473446836,-0.05106122163894522,0.16296940913100516,-0.08218500226720915,-0.10195220554098522,-0.020240976123529264,0.2033550244268199,-0.16183919949639347
-0.08571618450358554,-0.05111392667138792,-0.12595157902411874,0.1508586261847849,-0.10356540805171988,0.03566053211112247,-0.0078057618959719854,-0.19697828040480325,0.23894300100499866,-0.01654679850807178
-0.1485950881029502,-0.03329534957007119,-0.20065545594822493,-0.04305257903592541,-0.15086638709765265,-0.13960863340090973,0.065422091341089,0.14552904515260895,0.14098549841238306,-0.14968607193308314
-0.030292338759529858,-0.2208316792051333,-0.12019871720936348,-0.171668405416034,-0.2073861709114161,-0.2331817621896623,0.051862826134523476,0.13900807270567866,-0.17660038343198214,0.1670759167609175
-0.03577474228922206,0.15485027315339273,0.2180225571606214,-0.048923365065845825,-0.14960037859290165,-0.17063672782991773,0.22004948629615267,-0.05375552489409979,0.11447468367594843,-0.10639334016062674
-0.11336282131597425,0.10341696555871732,0.023005235959956183,-0.06731011319396446,-0.06760707286327289,-0.1342056991472529,0.19658625598594331,-0.1266261748900248,0.1484763164194593,-0.23743540816941283
0.15491482793476002,-0.23952235778834202,0.16136971047544918,0.18280972873142198,-0.2295120443298666,0.06183001402585342,0.2438074270218354,-0.2251505468687936,0.10834315298479641,0.18649682070899393
-0.16627920014962605,0.05297595109258707,-0.20673964528822875,-0.1692474830506412,0.13138265331197013,0.07466453394635264,0.1984925843909504,0.10803888535336081,0.24080607598530313,-0.1150485657702564
0.23320024295712138,0.08110942178571884,0.11187847124440192,-0.08148195307274819,0.1413040912698429,0.054770214784279236,-0.046705359628939125,-0.05419410927609597,-0.1829392628708189,0.09428835253890377
-0.050939936131657815,-0.19486279495700615,0.13376249968335274,-0.2059482461195712,-0.14446064613696663,-0.1998302057467311,0.05188783333718355,-0.21848840706997874,-0.24494203275568127,-0.17751446770212148
0.15424047187633666,-0.1615181880268204,0.15512311484395708,0.11343384423694719,0.02932021442405608,0.08796678261383156,-0.18612796085687638,0.04137201989814493,0.1577950074063642,-0.06474790731074587
-0.22133593279663466,-0.14396535814568523,0.14965770737977008,-0.09648435885663276,0.1553357368426183,-0.20648789277347374,-0.220733082835389,-0.1059722511730063,-0.0878812322475716,-0.13199822850245663
0.0410913321950514,0.18829933133804427,0.0876364090416128,0.11106949248582931,-0.08035783849513245,-0.16431490490307138,-0.11740136675178953,-0.03930367672471641,0.14665172482845545,0.20333827483111477
-0.1027540374724471,0.06965650761379782,0.07795445274044033,-0.14872248678090172,0.12167448862839819,0.20257285808260483,0.08589200487138982,0.19170239255149485,0.09278127841092387,-0.0395939813284063
-0.20694560585479443,0.1107490095858989,0.0023200524714341864,0.03519601120740068,-0.07810087372882613,-0.11482755901759362,0.07901285865372043,0.03284092690298368,-0.2204393812439167,0.20867006071435484
-0.0955148005349511,0.01881405348950682,0.07437702707669708,0.05936382727409201,0.09074096759119371,-0.09584229866466948,-0.16310126333881497,-0.15926171795607497,-0.03765158496392873,0.1958642284766935
-0.13684274411679137,0.09860007656367614,0.09840470581858102,0.03828663440115038,0.0031325014455028666,0.03342027444264106,0.2439674540605805,-0.07902151028108922,-0.1557609267966894,0.010366122622803842
0.15771134671103443,-0.0767907304943034,0.10798665829504056,0.19655154599623992,0.22683627759422076,-0.008577361117361904,-0.24804577422203078,0.03770016249428809,-0.08595881660057214,-0.199626513338586
-0.11700556283438324,-0.24398205850933236,0.054424483084701936,-0.16376393288709928,0.19929823851800038,0.042944953617565396,-0.16345832212728817,-0.09570400724549,0.008214900280146709,0.22819406867396125
0.0030923286244051162,0.2073474946131194,-0.21199539761980313,0.14693648642686513,0.16580203974877156,0.11528943817446241,0.013151096939409523,0.03572217097056346,0.241951914002903,0.0005081618968078017
-0.12900097496861407,0.03145737086974626,-0.18599032128694848,0.1892823377169055,0.24611494745796025,-0.026632180363062308,-0.0538654191172912,-0.04141431405418611,-0.2366284508303046,0.06464865972654532
0.148004917735435,0.17234215514654994,-0.17794556873955542,-0.21720762271898458,-0.16676254167719323,0.1469409663714039,0.15457511439696847,-0.12272284116423776,0.1558519067821214,0.20189580341431818
-0.17846430363985938,0.22626884414231674,0.22929037369763589,-0.01298884379778631,-0.16572052768016715,-0.22331571910622383,-0.011575678436858083,-0.16452230837936693,0.2038108227996222,-0.16547894462332352
-0.24024289285675615,-0.04447446101941732,0.15192806563081301,-0.08558780831311469,-0.21208824099124857,0.21126634160806212,0.080430336203001,-0.11211440309572845,-0.023690033472167638,0.24308911317374599
0.16428714940783756,-0.12713359293494114,-0.11100766388267069,-0.08539729330711926,-0.10488761094314919,0.14681951586497372,0.11906164283556492,0.10962045732001657,0.09606058410714086,0.10595640864900774
0.19818462729764402,-0.17255769370264978,0.12144372801720504,0.05338064455100344,0.23586934295655043,-0.20447153184240108,-0.2284477115014087,0.22572707151957533,0.23676081037032104,-0.07282695238997328
0.0027429662785160014,-0.10358278519294734,-0.11886824963360881,0.2391655947436948,-0.20339435384853083,-0.2267848015236789,0.053604653609700736,0.158427665331127,-0.09866870354142737,0.1821116888229054
-0.1208931200679324,-0.11952384052980725,-0.09410399809932857,-0.06410843460590043,-0.11105057756909542,-0.007292319048447959,-0.011672389090397195,-0.11158256815165984,-0.023205505035197083,-0.11384876679912337
0.23320115031422473,0.10079900838452693,-0.1625735919961786,0.032258594149041975,-0.23823919169056046,0.030563583101486047,0.1508072198582801,-0.08897793961925438,0.01048335854299498,-0.22282217084500472
0.04216716778949586,0.02379654481909038,-0.16170579463864332,0.12917891954130573,0.02880760972914037,-0.014273357897424066,-0.23626847714154353,0.19005319303848056,-0.06841029233306534,0.014090791132821967
-0.013579979391034891,-0.052853755330045826,-0.03719441654920713,0.1623502562783224,0.1095429963545585,-0.05933815562829875,-0.15486749590050625,-0.2008221675652666,-0.1810794372468536,0.06645178295445286
-0.10527166212193534,-0.06364297055330792,-0.06293760919606772,0.012136443777999939,-0.0709154271010749,0.11831808361368906,0.041025613369756186,0.08505954680179295,-0.1261692622344377,0.03788326921069535
-0.1793885780040297,0.12000113655553674,0.19314650328570182,0.2039132824232044,0.0001219380298885242,0.08310092021632404,-0.19318766600684412,-0.025447165354144985,-0.039351888443690586,-0.07335243225689808
0.008389756013050531,0.2088443201188524,-0.09045851138688893,-0.006310471268848594,0.2207131554009557,0.014105872746737247,-0.14115419014136088,-0.11779407991204177,-0.15236859243083978,-0.214546065936489
-0.11292635629210668,-0.02485683924313109,-0.10947823633208525,-0.15307578258754062,-0.09104326456970024,-0.012445794318830972,0.16375506664537398,-0.1572914537956283,0.0514072584264082,0.17658692384576719
0.08989371462969725,0.1706752131261115,-0.20533075238201004,0.030035089746704935,0.12342678429665643,-0.14144301280454163,-0.21135191947648307,-0.12559294475464333,0.11159577960966593,0.054928245043153634
-0.15737385113744462,-0.2455150947145167,-0.09773894912845466,0.057100027793256236,-0.14036868249595508,0.1128639189009003,-0.1888559709601879,-0.17597052090861454,-0.12837323001919765,-0.10421315592606734
-0.004280702925998081,0.11568365606968917,-0.12167009114467564,0.11972169422647733,-0.18263567379807472,0.07781941935329517,-0.053167557979176217,0.022372313051815418,0.1082609826841211,-0.1883479526776971
-0.06589429541967534,-0.18862323275940346,0.030585539338754852,0.07328569472673918,0.007366699931484144,0.1671202606503993,0.1931387505320885,0.06483149893319468,-0.21775629098349863,0.06712075415106844
-0.16738468483561952,0.11280228533205022,0.014202615032502142,-0.19844182808241861,-0.23602380059482003,-0.050523038089896055,0.03204311073190186,0.005980303584538438,-0.20804627954943877,-0.1275002689697794
0.20138880119338504,-0.19040618432454026,-0.08348199275987128,0.110094495579516,-0.1774321576803055,0.051408156593614085,-0.13040634544530977,0.16662839141523927,-0.057414060796383615,0.2112531543401805
0.09364458422398259,-0.07268188805721504,-0.004771403688497933,0.11026911687493546,0.1388015816671514,-0.18988307099718005,0.13321553323684499,0.16350271175971853,0.006519649476580014,0.2156103757372304
-0.0437189915485835,0.07828677774402537,-0.06952642217064736,0.06361531760920919,-0.20038422031601533,0.23447119802506633,0.08852928635665486,-0.24778734572326122,-0.08881221154597063,-0.004532962321463441
-0.13149273767675823,0.21605732389117216,0.11505534477537,0.07916220929948753,-0.13613399751292482,0.11301985923483238,-0.06356093466917012,0.02531129109943031,-0.09906362968794835,0.1610742848366749
0.02619493137713641,0.011822225501260886,-0.24899416338750496,0.052986693873910695,0.04725714063599484,0.013176863735910427,-0.10933670281149405,-0.24513315427573062,-0.21578773894306585,0.17431877810015312
-0.02097580565483531,0.19426703749773877,-0.16357008269983403,0.057166986180432255,0.1292081845335425,-0.20262723729664528,0.1482991739196075,0.22408017881711606,-0.06640260020742861,0.014596032311994966
0.0703204596880111,-0.2056211891458799,-0.03476412556918812,-0.1309390978396684,0.15222348134427688,-0.08281306494132429,0.19484291918452784,-0.07524533850237608,-0.04924430412656122,-0.10720461733311865
-0.07389633818616337,0.2342996423997522,-0.24018975922438002,0.15415672034483308,-0.14943004961775258,0.1435132673120056,-0.11909418639140568,-0.2435602546193621,0.09946701417253512,0.023395164976725502
0.0406400876772926,0.16366670819131485,-0.15315465877000017,0.07952948882146649,-0.13088773691339112,-0.11327233348772414,0.11190831334752632,-0.039996584981246475,0.2407549163496085,0.14605147991674317
0.07153173283709913,0.1627636095202788,0.2376987542768006,-0.08692381913242658,-0.12694584616650667,0.051424213726366186,-0.12097688563948794,-0.023680481269567566,0.23213587144183023,0.17424920179501313
0.24760482565022063,-0.20206500241931968,-0.17065955413451234,-0.24458777101273138,-0.13082682553549302,0.1919597890908029,0.17633825134891368,-0.08243103881908809,-0.01768886843799089,-0.16608523560084737
0.24226431723974312,-0.06763234458321704,-0.06791762989268424,0.14049580987957833,0.11675682054935055,0.20809429114932204,0.22816457743170931,-0.06896962683624253,0.10200234258338126,-0.15151145020471324
0.13078826509263342,-0.159204543707467,-0.1712714336327757,0.009338294464315056,0.12505797668240043,-0.12054571683978943,-0.1935633944699407,0.16033081315109976,-0.05181040444985774,0.07009087012373477
0.05689989963509701,-0.14925328334876603,-0.07202045063391849,0.07558967766185815,0.00924481784005765,0.08728780932234453,-0.09457909666741182,0.10015778602247966,0.006818983794125488,-0.2372836784888771
0.0612340039977064,0.2345080879001034,-0.12661378780965393,-0.21108002518559682,-0.04699388994668463,0.020346882856434323,0.22497880844235735,-0.2318189521776367,0.15994181451836376,0.22722122078649903
-0.10791526697241821,0.07765205178572515,0.09312853834171914,-0.01213502435780578,0.2370684324683749,-0.05818323855216556,0.013627946729156293,-0.1685607226964524,0.005550376527197365,-0.016280809538527452
0.125364239883354,0.11977318825380806,0.15248626972081802,0.17736357947499864,0.2208278468286694,0.09484116769721035,-0.21599613232155435,-0.08548085711571718,0.05409572137566432,-0.22698031521705953
0.05040371527721388,0.028677512464439392,0.24652978647933066,0.15026445024873797,-0.01446176584930381,-0.10329911288620153,0.06306264642193637,0.1811178793624747,0.1806017451721605,0.029302954222782562
0.2423077111503773,0.09026038547226162,0.19321328933756965,-0.21900930286752557,-0.03188106199037849,-0.13975430886019113,0.08823973301453164,-0.2463160905076225,-0.1370678365419335,-0.16136962992366427
0.013486615733327156,0.020232130420091476,-0.21454560459612848,-0.23584610100940295,-0.025925776959368096,0.09148036001093368,-0.23807160523700793,0.1916977173530317,-0.15358431282765733,0.14866181245037663
0.11314676075663666,0.0799890229920121,0.20135771323673923,-0.23833350569437967,-0.22433779281605382,-0.17379013987333547,-0.13495782273756546,-0.13181024318521406,0.08003003183687502,0.08157255819157183
0.00483097450296599,0.1419497708441766,0.06151974470125793,0.2174888369753013,-0.18066613449764873,0.08198702658467111,0.049130319980985104,-0.16838281803152494,0.2087960756926186,-0.08325646367676659
0.08680802948414196,0.017719213067676876,0.19527887154252138,-0.14587673730103484,-0.2207249216028695,0.11525469398383931,0.08334679909590442,-0.06704988473916351,-0.06468039818424992,0.24137725847623426
-0.03578939384415253,-0.23513508850150638,-0.07809374744336778,-0.13430477818532177,0.2339619542781209,0.06190990542019564,-0.028670256899667956,0.08811286024893022,0.01662535261984993,-0.04776023487220249
-0.06599322101072108,0.13185220205553355,-0.14255800482005598,0.06958607079931511,-0.217686641514583,-0.0047950172881134345,0.19756080719706381,-0.05932798886027735,-0.20812025243269938,-0.14831859911465906
0.13665865265058985,-0.16670250944094983,0.0018090408174247785,0.02667686366327343,-0.24338843093566975,0.11613681077670995,-0.1540234308848869,-0.19701799472020615,-0.12303410009024873,-0.1630700402537863
0.017596576080123716,0.0017660713934209427,0.036716737973632785,0.07662504593622121,-0.2052208358189691,-0.1791536281778418,-0.12920163401794732,-0.040310655781536364,-0.003097943323647434,-0.0966183423138709
0.06522230788761513,-0.0011276790821287963,0.018615285204884813,0.1856054917205821,0.19150211482955537,0.12465032469500581,0.15813748384652743,0.11397719523042599,-0.15576132274189308,-0.05267203091312134
0.1692093133465568,-0.18544973549835292,-0.1143644264653974,0.22184317015182303,0.20040622260887114,-0.17481116151751647,-0.00916390368223391,0.0492803889248799,-0.23067817225770088,0.11900343736643898
0.08688876840454834,0.10510296891873538,-0.23060799267749982,0.14031591775084984,-0.07721847978408769,-0.02503987049763101,0.1273468061620166,0.13444143054190633,-0.061266313058909894,0.1039280034850974
0.2181854398464817,0.1001789185540834,0.1382294361533461,0.024245482996311074,0.146287338581567,-0.11771589087367923,0.08299518494792357,0.00348537300887114,-0.13461834153359936,0.08831596550304538
-0.16845119194945363,-0.1027718110664208,0.1712969109151753,-0.04900950049373087,-0.16918221279634826,-0.079193761783238,-0.22012095109689978,0.19027939263407945,0.06781308741358094,0.09919505607855189
0.10495468512339368,-0.00795108561105845,-0.20015500318364055,0.20598807515948592,0.016688227846069603,0.2175659725159788,0.18321143689079955,0.2090724876498426,-0.19411596359279426,0.1911317472696854
-0.2086977897639944,0.17415075133617025,0.0545921634917948,-0.08476272787407951,0.16862095289923806,-0.24342302945260302,-0.015183656435835302,-0.06660693555993696,-0.08949246807848593,0.034244835524466444
-0.08705181246075738,-0.22579272747408874,-0.2261199236813194,-0.15819224370828044,0.151142200853066,-0.07578356254232099,0.051576157568219816,-0.08532062930522788,0.030032854065922543,-0.2420638061034069
0.0011536836834800113,-0.07554020311466947,0.08230868863418189,-0.21105256390302735,-0.15370094187945632,-0.1622111130418747,-0.005541362359044011,0.050421740242064694,0.06075315421749744,0.2256057781028511
-0.10354469429089186,-0.14325642126558896,0.08969847721113333,-0.2084044758266259,-0.1031927439750725,0.19088603978078422,-0.2174676456157953,0.16730373303549562,-0.009046502615974228,-0.20094504962567805
0.027527131053264542,0.029093778139670123,-0.18041045956234625,-0.12387745314334753,0.06848415808831781,-0.24055953422878296,0.034577905382155216,-0.05772217857236456,0.06572498607374516,-0.08001292554014044
0.23651525062360618,0.22809167058659024,-0.20912530654811162,0.0943212155695472,0.15961186998264149,-0.0424970991516202,0.16148733414973876,-0.08980233072899357,-0.13458548876339638,-0.16033117022086407
0.17509414327660422,0.13781571092171774,-0.22442964238833313,0.10356901202707203,-0.10173623960602096,0.08545240406986793,0.19340167022362292,0.05926630891566553,0.19412783854052518,0.016968937577644616
-0.021602285371683683,-0.20452003195180046,0.07448741683845933,-0.05119010538393004,-0.031149415458710916,-0.21575294546485224,0.031004634308812007,-0.09914679800901832,0.023813056455375736,-0.07785435492622983
-0.15773041818273037,0.20689072331477554,0.24691236636470548,0.157391263627344,0.2373427026108642,-0.1006688760020581,-0.22924471362479287,-0.03272175355089885,-0.16013981122567378,-0.09192748064143541
0.07818271973704866,0.08663668056972551,-0.174489518747025,-0.09244325062106556,0.064798285012034,-0.21882162496473895,-0.09781704225452642,0.1864565250515683,-0.2041745156470151,0.16101054698499512
0.24047594586945348,-0.21151764327985206,-0.1075679726992036,0.15583713824940498,-0.13203031745797733,-0.028899819943363936,0.15193708428668667,0.21573764888635816,-0.22530029402059543,0.03401421473452604
-0.10721523792549836,0.2488173128514392,-0.19374551256961203,-0.10041829487149712,-0.00978768959963916,0.13340356784435803,0.11735866151975044,-0.23472705073909672,0.13946024436906773,0.15657599472265366
-0.03295424262482122,0.15534119214062936,-0.1672950239714247,0.022003725553385367,0.06941981733444103,-0.025193267097706806,-0.08192588659398442,-0.02156789126386266,-0.14279108654407047,0.23269583783799047
-0.24432167362937396,-0.16155011697902477,0.2075817175335481,-0.16711884463424365,-0.1660130167632894,0.21144941228238923,0.07358671469029249,-0.2205510235492772,-0.24411433371839558,-0.18440760901900627
0.16063889008763987,-0.16176008240116035,-0.03346692245742189,-0.20760484727174056,-0.006406785724849873,-0.06701366565375322,0.14588054011199547,-0.22863723263157526,0.044858068355296266,0.21252786566132004
-0.037374943128755334,0.05669496249940753,0.24769799234786072,-0.18720908516298151,0.06637024416879028,0.04847669895392814,-0.18358828211013584,0.014876316432605396,0.09575337847747867,0.0821596186945186
-0.10326368263738495,-0.057311186288450056,-0.09194862093182493,0.11275822329383361,0.15969611990053834,0.11167300803219643,-0.11775914318785224,-0.06574321551305645,0.13844775428105394,-0.18275943941272021
-0.07514474940866012,0.10885661308013134,0.10771004193482742,0.24237948934868236,-0.15066981574449612,-0.056930008801725385,-0.12007972408893286,0.10309377801468556,0.23050211259275855,-0.23806260970574283
0.11606589567425363,0.16819534326464564,0.07265540618125443,-0.11018808245100103,-0.01902986768601206,-0.18278572306117558,0.19767724638884504,0.1129500049881122,-0.05432162341661545,0.10540193504577894
0.09498432726176331,0.034682579765826116,-0.19459098862790536,0.11292527708932454,0.17174948006564905,-0.19553729092481598,0.017823433018045176,0.02400987765660273,0.0714797115387042,0.1715452524407281
0.1858586192269583,0.09940755358784387,0.0974397688933567,0.23198054384299405,-0.12899863579190207,0.11958198663363151,0.16334515878130385,-0.0028497422691659557,0.138216080689886,-0.09876608768105216
0.1507204361700502,0.24559891748792928,-0.2224050218076205,-0.09800145950597372,0.180287474210235,-0.2492117538527261,0.0001850036451649384,0.06908896634410405,-0.025876777864771494,0.19547723063607264
0.07170470542992452,0.20077180956259,0.11133506750269717,0.12537407223166264,-0.013299246461701608,0.13140236018206064,0.24999381823442018,0.052014544401572826,0.0719218969737851,-0.05601111615199256
-0.21372103059849784,0.03223686012742549,-0.14033439676751142,-0.18833583640932583,0.11057051627331838,-0.23792048617557865,-0.12934394679923145,-0.0440073151295734,0.2258523334923166,0.06400695110078197
0.010851279158308524,-0.1807537248507382,-0.04733776405658324,-0.21675888791954045,0.13004527402698746,0.16104761239758486,-0.1994562980391631,0.11761102347067959,-0.15586528394209426,-0.1042208702159157
0.22369081560694698,0.044653941935714425,-0.09944913101846298,-0.15324698156388156,0.23198138405676466,-0.01771242426706854,0.03209162872812532,-0.1755896965762624,0.08962358151478966,0.03360929125924056
-0.05967298387514597,0.02995493842499458,-0.016890852076034246,-0.014637772502078095,0.14825575818695086,-0.025861327076084628,0.11429651551355752,-0.026934730029335607,-0.21065203626744777,0.06411747583832894
-0.1876246023817712,-0.14176724189343037,-0.14390500249819838,-0.08140866421908516,0.016871810324691483,0.06328637253449415,0.08887878027518425,-0.14254315099195652,0.2454950600595162,0.16234338076090882
0.221810703071811,0.1561257991510725,-0.17261340413221965,0.16785088681091737,-0.038532973268171844,-0.1621363069197177,-0.08409168272400702,-0.06211663109527166,-0.08817810720244473,-0.22073610745443595
-0.21820129670664035,0.09088095244763572,-0.1803778420315209,-0.1419571228011952,-0.06744902319234425,-0.22710672890267491,-0.03895477139705922,-0.08293153953890103,0.18135715392343704,0.09337944256369879
0.07374830304770669,-0.12570741950271103,-0.05520189115192642,0.15663951526291398,0.055341809912096696,-0.1942962883604208,0.1164305477579115,-0.1963776530900863,-0.03217102989540904,0.01985358944622556
-0.11039100517259731,0.17608724992355285,-0.1986885532255872,0.14886591511495478,-0.05792335146349925,-0.13669815423791454,-0.10664983248893523,0.14262247438997827,-0.13573310764026342,0.19139542040008023
0.16608230933258455,-0.24676425568980964,-0.04149075051877815,-0.03001727302424312,-0.17506171923688463,0.16515288671883654,0.03368465891411426,-0.16009161612352518,0.11909834147544185,0.22085232595805715
0.2216362059455041,0.007563242096211065,-0.13888481286547294,0.23161076130947883,-0.138188165060722,0.22498267041344566,0.24728474892952385,-0.18598553643270282,-0.04048710371816894,-0.07076676919846514
-0.12555989634669867,0.18277705324653915,0.175500372281177,-0.053560772880052565,0.2054808573374307,0.16128841296864205,-0.013191638852011855,0.023546263930449507,-0.12437372499452992,0.15428357695715395
0.16269654689210516,0.08680075559578565,-0.17415598329426168,-0.13299472277398122,-0.2238031821839639,-0.20876058218744403,-0.031698781318225344,-0.19068446111611453,0.19934851973020085,-0.025037498527669566
0.2451688205191062,0.17496990811014707,0.07173398658421548,-0.0704001200098574,-0.009947354480253856,0.08076193985880104,0.16381479148179334,0.22764516107439547,0.128298590566295,0.16386295527836015
0.14969234674275977,0.22668466180589558,0.11101786756647669,-0.23819869138350674,-0.06617707940425982,-0.01540426025499586,0.049168663403843405,-0.2331322954905018,-0.17583471929797562,-0.05888414324527541
0.18044805869630043,0.12506726726208017,-0.19606733608030807,0.03947356955020753,0.011428688682277088,0.1287914790059892,0.12826709278924486,-0.08923601402910253,0.12897832383888225,0.13997073647136155
0.11110991733344994,-0.08986352991027208,0.17656620076999952,0.10671946854960201,-0.06548260580077853,-0.1942316202034755,0.026028830836249794,0.014697020365652513,-0.11128149798575565,0.05048641015940314
0.07183158934283124,-0.16382110337507005,-0.16705151646449018,0.02929701119697148,0.17097638250596803,0.0912756846863868,0.17193986924846516,0.11275926810170062,0.23130767385030387,-0.09428385213148516
0.23538047732156303,-0.22726611603933,0.24178706228735536,-0.21633539545749925,0.03635333219268666,-0.11181732723258453,-0.1313060950810072,0.06505197162749843,0.06724553556061885,0.08197190269055948
-0.1311069404585436,0.17924194953062467,0.13240102772372675,0.02590582869871194,-0.018529985536317406,-0.14289982457367828,0.016263478674430454,-0.12115268619493502,0.006566360977769525,0.04444066792271606
-0.22628286123206537,-0.060730995303840574,-0.14350108718029753,0.13680418156244767,0.19907379772945072,-0.09664190502815817,0.059840383025706156,-0.1769978096076824,0.1577249600676759,0.04952641642236688
-0.023116330344798486,0.21471408925105984,-0.15147956651939903,-0.04637467429236425,-0.019723358340864194,0.029826090433558605,0.23748483646742286,0.12201814275866935,-0.18486930001591384,-0.18713170393484208
0.2210047468987723,-0.10601802951281725,-0.05333297886847582,0.17519420933878543,-0.027530869575440653,0.013413043516379786,-0.24929388772642253,-0.24947963441016308,0.2168331906233909,0.2486006433479669
-0.16949208217417622,-0.2092241201287583,0.027812540372907868,0.20412597616990197,-0.21719237742635106,-0.12710288423324478,0.0715981378767806,0.16503025194462528,-0.0438996302565941,-0.2371699939183985
-0.17260424259702872,0.2053658296463809,0.07387862039053633,0.1251183061064447,0.24001243375113468,-0.20599527194232875,0.06490113396641994,-0.1455924833062644,0.03183868170684978,-0.12928241629141052
-0.1498298731899929,-0.08546488554962856,0.10853314118850566,-0.012561133582809914,0.0852974687201023,-0.1216315152140478,-0.03408952416898958,-0.13677881353838606,0.14651206679028783,0.24938316218057432
-0.14322871241591073,0.09126831956087761,0.1965747647456058,0.14049428901572858,-0.12054972658180191,-0.08310726187345235,0.1719482000175901,-0.09389639653061072,-0.06440599498528071,0.20816898282246993
0.13072576080419768,0.10798106953989545,-0.23046816628338768,0.139626367866644,-0.0769753177530953,-0.17574629774613315,-0.09628919281260928,-0.09378486760563493,0.18568212297510078,-0.10657992039471897
0.017278485244718866,-0.196785808532688,0.09553785170061901,-0.19590766949670796,0.24205473671267014,-0.03064217814282233,0.06704875520212183,-0.1202611549002105,-0.11342684339768028,-0.07657387199197829
0.008006237038422515,-0.08979343750962004,-0.2112061683082433,0.14019355391038762,0.24406695112382976,0.06941432266022668,-0.13600316905260834,0.08067866823877928,0.0705038420394063,0.0812925751469108
0.1882705992752714,0.15830066116266878,0.005452251230358418,0.24853201350213994,0.10331805401430422,-0.00035536367476590724,0.052944934317699865,0.22282776250341685,0.03668882455229555,-0.22078817415925495
0.014105584064176113,0.03659165117517854,0.16464904679237113,-0.1405586309388671,-0.20426672801915846,-0.02400637533245814,-0.13002204246752658,0.1575802289172944,-0.11453780912479827,-0.17327022902822947
-0.15502491056387568,-0.09309815594452531,0.2224094937674817,-0.004043807160992174,0.0293149216869108,0.04641611058987727,-0.12702421745140868,0.18966485070854838,-0.0024655113135382267,-0.09338927321793439
0.1127390192571231,-0.2363523777259029,-0.09778575755275054,-0.1879098847602783,0.0628997346320293,-0.07518462773058593,-0.03778820640804764,-0.08797125320963173,0.004094808190841404,0.07739939406965368
-0.018999987967296905,0.1724397926028327,0.24413053945506574,0.22193890293774682,0.23846045957547402,-0.13171762004258192,-0.2444671746430196,-0.012087816487878988,0.051577665427967934,0.21333408265293702
-0.022334291441819254,-0.029904567156559092,-0.06261564678566645,-0.12648383821354553,-0.1799790292512844,-0.022286848393554437,0.08684696732587871,-0.09787674409464736,0.0864315583050666,-0.12354022142827464
-0.024401356415009623,0.06522168647715093,-0.06806672972278616,-0.16485036342134723,-0.1356817378200264,0.1482411448781269,-0.03598580300360166,-0.11112693600240525,-0.207032961981092,-0.1593865765549578
