0.2339005535835173,-0.05325307561259629,0.030638854565515072,0.24289721426327893,0.13588419957721148,-0.1428593921903759,-0.07472097309063941,0.013951148090497412,0.025292947336764127,-8.97108710057326e-06
0.14303712037412503,0.09696703728278133,-0.09170938750274732,-0.018068538283516955,0.02079369468172776,0.19347762614622527,0.19838326492026215,-0.2274280037324366,0.0756962888824525,-0.03586782980616576
-0.014629836732867108,0.24625059463933502,-0.2295151239941215,0.1488230957989518,0.017009736048578805,0.21253061408320617,-0.16264080343648835,0.11736577975958368,-0.1309573109651609,0.14136422719163816
0.06206438703330469,0.19050364302122635,-0.033010750523309706,0.18388905497192543,0.18134094305985826,0.06795227289073619,-0.023501426739537534,-0.21514077398629222,0.026457294834360157,-0.1581123065269131
0.07733254934883699,0.22724085683708506,0.14553336905910547,-0.06319482458296644,0.11224212435865805,-0.08581064318433429,0.1982487728978618,-0.18054125785776975,-0.22124203518335317,0.034840929544417976
0.10930576976989398,0.02657333696248748,-0.009277687789268019,0.0019950843029145626,0.19606934712270108,-0.06307037317772263,-0.02845382673028951,0.22426275725347256,-0.10126323531144094,-0.029744189304255098
0.11615818253069815,0.008188851988054968,0.1705770594415435,0.10100671605707157,-0.04298881370117957,0.11159534221994605,-0.0015150888869301937,0.11898028269376149,0.14209645096591478,-0.11045612757062961
0.11033809348886026,-0.034856834081947174,0.2226136338270967,0.0123708953821563,0.15382562354625867,0.08940741888618414,0.12109080443782444,-0.06472117650858772,0.022051303301227232,-0.021812253926392744
-0.11780823532759371,0.19837360962534595,-0.16267782983778567,-0.1868467050123605,0.029989227657829465,0.20204711640590833,-0.07799254557947555,0.09599435822792324,-0.0581300495369515,-0.06138482339294693
0.21096182595457585,-0.14898041271321893,-0.23950291224532744,0.11524872529137248,0.06463304652932561,0.08266161441388126,-0.13674068065615863,0.20836899204492365,-0.08674066769173999,0.13905789610376995
0.14105572925299376,-0.16990042034176106,0.08296161838491123,0.09603195860625258,0.10311614161289634,0.11672589038992093,-0.21985778020636965,-0.15560495143008723,-0.21289343081269957,-0.09754691589096581
0.11263645562223185,-0.11441282837766964,0.0008930427208544423,-0.13166849042600243,0.09190488979859107,0.06299398076606516,0.021039421290300397,-0.24271238116352278,-0.2258894305087794,-0.013788341038902863
-0.16635516927329413,-0.0916953378287021,0.2473981674538127,0.06303319234531601,-0.18343928930189085,0.1315340099839335,-0.05262894317345701,-0.12987541523850105,0.24908284934326724,0.1707976227136132
-0.041544304523913944,0.04379548258387633,-0.038669322731545996,-0.05828364952173032,0.01712006932664173,0.2465698348929211,-0.13793564152907406,-0.23660016856109967,0.011592904283006578,-0.07442295346158867
-0.17574664601987694,0.20957392939172748,0.19339544039921458,-0.23873144333844432,0.173333425449968,-0.23165199934869218,-0.03879726991994542,0.16292249150788624,0.08280384514402894,-0.13350512824622984
-0.045072401231491144,0.04285461917932931,-0.008971258114257141,0.23865089862146233,-0.24476967218192053,0.01854963840254087,-0.24417981820268586,-0.12760567428268338,-0.009985385570252359,0.102454948106876
-0.0974940989013191,0.1314262670009469,-0.031908591797506214,0.1617172140730499,-0.05612385789394542,0.22167354763655223,-0.018207590840380317,0.20169099674472202,0.03196499991293,0.003197087725011538
0.04270436984366166,-0.15375962550026095,-0.2392065995951001,-0.13047001838700178,0.14152424283982395,0.14936402663774567,0.23929572661380266,-0.002860205990629361,-0.20232348968529562,0.03936852973700167
-0.17999210410180944,0.2123653075869083,-0.08943107340041989,0.19997051777793112,-0.04930331910990854,-0.16391691944359305,-0.15148460825772514,0.14324593631850208,0.17117641229400565,0.22062107727101726
0.2242889700932189,-0.05835984356022944,0.1103403646191215,-0.0188661800447521,-0.1636494701467739,0.036671255086134724,-0.1446489329173296,0.04020957944655629,-0.22929615711999773,0.031214487787384004
-0.020332433170320685,-0.15435525967378932,-0.023711103281255752,-0.22636329018178086,-0.16184607651906263,-0.018941156598524522,-0.2017638103524365,0.09055930943784463,0.11665050037640112,0.04981108683279911
-0.03216265048591305,0.14964190475005262,-0.04501900727705466,-0.0947083740252263,-0.052049874289918696,0.17285330093342705,0.22515833113528233,-0.08924991901161888,-0.026110363443103135,0.15864719029862473
-0.16805885533226528,-0.03404796861177284,0.21917274506516488,-0.08020633681346495,-0.08006155716496755,0.16733424493703014,-0.20024567187956965,0.05615990374132851,0.032084263439813854,0.10668380507749953
0.13961819909366624,0.21731463510365367,0.10785632670639478,0.08778212552750597,0.1233084763916964,0.18718736649884127,0.19751810675258114,-0.031780995201636186,-0.07902498049270174,-0.03984528657575703
0.18158488491550823,0.1503690060887386,-0.09952437334898534,-0.23649763981248595,-0.24458127354951048,-0.09020114829085979,-0.04817828570503996,-0.052892524969974375,-0.16386479648962848,0.2405841687092773
0.11293579994118452,-0.2497932202589198,0.03235044701920686,0.08928406447073944,-0.019760608285769865,0.23466545462209,-0.05011161865979019,-0.05194724789632843,0.23098694671339493,0.16234958178687076
0.1812746997214204,-0.1858736851389492,0.1642284405208252,-0.11598760468056629,0.22099828805478922,-0.22203485450985072,-0.16230706686058888,0.11237622462614782,-0.015619335279808855,0.02764472175678684
-0.1394497406937263,0.1870180898937402,0.04660930576938738,-0.20907533493344455,0.09827614994224182,0.13708236174842792,0.15527023943962276,-0.08804645926229449,0.03774318218823158,-0.22540872736833723
0.1324915902840637,0.04894051989260845,0.09675219235006483,0.05250064535648635,-0.040457064525535325,-0.1407745700932274,-0.2366331750265766,0.13509596925037431,0.09697769169342241,-0.21406505421574024
0.03200405403874712,0.033498526694679176,0.18518493282178883,-0.01224128427513027,0.0814816705069632,-0.1326164970091917,-0.007487075304211166,0.1047400118164526,0.22810566012994632,-0.23672687279328175
-0.1161824902832721,0.045520848425475546,-0.23858981546655367,-0.20320738167156915,-0.15750937094792,0.006693298410232973,0.10222883641509684,-0.11018241111981542,-0.13313088013006175,0.03691621958620267
0.24432235853042855,0.2208037497424546,0.17978340213412564,0.04039228821573637,0.1591285698207524,-0.05247752213644402,-0.04039638775334631,0.19547180185592788,0.01759165578428773,-0.054874295898318104
-0.09330235771163847,-0.10883841752416185,0.23910944553156988,-0.237176964442113,-0.12468754593978054,0.11080529727275035,0.23086013715274223,-0.1638989656688421,0.01978809971412493,-0.06824198729613018
-0.1912442396460684,-0.09789447554569641,-0.17127779889234745,-0.09037065499668057,-0.03726756076539495,-0.10445414294671596,0.07224385553815038,0.1265183977962786,-0.175298575138076,-0.14532737432859943
-0.1774760725368581,-0.1451923649724931,0.18712857637785812,-0.23590122873034552,-0.03078272258800241,0.11207516532068623,-0.09395510892539538,0.0035649749610993098,0.17646097774270458,-0.23913325322944923
0.07319957411473005,-0.09773138264637754,0.21253637581662038,0.19258281221086415,0.02865848015115552,0.0037312525959737886,0.1006754363504021,0.09040541796083329,0.20680943057715861,0.10810572697171783
0.21891951285592354,-0.15228395561010083,-0.07930936764567542,0.19689910281207607,0.01453113048000565,0.11979127540341239,-0.1277501569403412,0.24683963662314262,0.09009592750960638,0.22159028203472741
-0.09478238393190774,-0.1738258528465184,0.003059988468051611,0.1516826598958958,-0.23564343985166958,-0.025068432226460102,0.199518758459599,-0.21342914058177986,-0.21369553710063993,0.2109003475607139
-0.0963117050624589,-0.11454741954170788,-0.16743928722680318,-0.059002783362253064,-0.23288137883599036,-0.054127438858018406,-0.06835375808132133,-0.1879799598272454,-0.01536708637331996,0.1925883171868053
0.24861716145479118,-0.12157103358277921,0.1843745240071068,0.07501479112015208,0.23640063325196953,0.20741186919302929,0.2114065325919542,-0.24736427183231213,0.09014318286372186,-0.18578285844660936
0.12465337140992266,0.17998821053619035,-0.13318120826292357,0.07128204867836374,0.10470290220200196,-0.0665757969379801,-0.07521762114774183,0.036525859047200515,0.19048313567540376,0.056518185890289896
0.24582262509729758,-0.17935456937444422,-0.19460224528567838,0.06372391060056759,0.23475136722803563,0.11227231800146187,0.08592647290967359,0.2051550064381748,0.021268339088583832,0.003937965132889687
-0.009487854065272472,-0.043224783794872323,-0.1917573914489037,-0.22056175364882386,-0.11511900837948341,0.01710943413383864,0.05001900043852592,-0.1128624395683337,-0.244280748244612,0.19325939232973322
0.22768272083490143,0.02699360122504285,-0.23774139792070925,0.18289720859113828,0.035681766439453644,0.14057259508164016,0.08157398793831083,0.0928417761774602,-0.20472293463827562,0.1369396201743311
-0.03737114524880447,0.03125255902545043,0.24727043144122207,-0.10614051046954454,-0.004019033980067421,0.007651290532672883,-0.04267375474334684,-0.22065617908510965,-0.10713654964456298,-0.16643376557141315
-0.1311970120195632,-0.03721534413557409,-0.21523983714667078,-0.02142251642871157,0.15874116063749166,0.17239412058013293,-0.16083786229708047,-0.23076331710872638,-0.19153703691831164,-0.18312620093946713
0.129336688113673,-0.11140475492740698,-0.22928418577581355,-0.009506265620393473,-0.2044546311403045,-0.017911764153021703,0.026383574844756896,0.06607144981411728,-0.23605828935544831,-0.18079487511840286
0.215665112685897,-0.16054631374965828,0.20047650099398973,0.18299848157829102,0.03160279162512325,0.05029812133577838,-0.19082100596830104,0.016723347751202988,0.2063825398458375,0.17825006578658065
-0.22559921987814208,0.10369229650235129,-0.016481319306019204,-0.051749333352670845,-0.08170272691203412,-0.21142101513058742,0.1621471622325406,0.20837601457627458,0.11906123004221059,-0.17963728504963766
0.12858064052652823,-0.13176761595127012,-0.04379645199564519,0.05310606700433357,0.10353344578028706,0.019699577848158345,0.21095882895994134,-0.09259295149765856,-0.06336194625613756,-0.195425799837534
-0.003221972241149784,-0.04417503099743986,-0.2326589165204872,-0.12136916832935929,-0.05457122003114845,0.2017458650415122,-0.21812921302115845,-0.15525926378047694,0.046336090830486676,0.05548633727625768
-0.07530663444603425,-0.08429244074135711,-0.1334233679376598,0.09074595730771667,-0.19481829532766054,0.11527086184000634,-0.23052806341428467,0.12502549172326305,-0.05389089208588649,-0.0563918148265794
-0.06820932543724223,0.16879196324672885,-0.12234890326693021,-0.029600403910593542,0.1379350318940633,-0.06940668966077518,0.031162310475250976,0.12072916653295424,0.06489370928042504,-0.030067303235790432
-0.07024448094529445,0.10596021023517443,0.10622684125708609,-0.010966828325241873,-0.1298522793805309,0.04244535127598731,0.148149653750759,0.10667541603449471,0.1283648448362566,-0.12320909457849394
-0.15729354234859788,0.08233620354430787,-0.05391731759510643,-0.21776853410951502,-0.044632079529819235,-0.005517084173037701,-0.06676037364223325,-0.11083293048240295,-0.23574774696827117,-0.16609521377733166
-0.011987465951314724,0.1219122047587593,0.009191241068879252,0.04522016145126967,0.06126150349404841,0.19017692656586643,0.24780047591712195,0.024700997270643954,0.16363484608561968,-0.0018545435204053717
-0.01848664725489485,-0.0586076820680449,0.008012269108659875,0.06974228999647536,0.05433109153609483,-0.08255197282331811,-0.2380075567153322,-0.20401909592724227,-0.15766707690241655,0.06818533093477191
-0.08010695104201082,-0.17088744598469785,0.005229362574544816,-0.08174326294413453,-0.06104887961473965,-0.223795987648102,0.0747688493069506,0.19503784046547856,0.11902611507820049,-0.13250473709676452
0.09922460509339875,0.1890825620088129,0.08952397388763689,0.19330991314203094,0.17560334945687156,0.16985701273292675,-0.004580638664746062,-0.0361458035966718,-0.18279254869593914,-0.2326389720530943
-0.09504878764182612,-0.14660010553364006,0.11412972385685266,0.07732011547178252,-0.2270477561234039,-0.09938986322171323,0.03092347594127065,0.21802586335943253,0.007305659039991641,0.07345404604882155
-0.008408682648265553,-0.15539069283081702,0.006807741264079514,0.09660338183226647,-0.016043246348647455,-0.22826737175013245,0.014295662580882051,-0.07512241989895685,-0.13430294906050644,-0.23178105049255227
-0.08320324868781687,-0.15027281817875993,0.2429107214710432,0.23102892639638228,0.19264479062709128,0.17319209599202412,-0.12744581670279137,-0.1948669813052753,0.20701062659765052,0.2106537202004446
0.1854483154292254,0.08455465214833807,0.23683184144390862,-0.18565053715120838,-0.08249934730990782,-0.0717010760464189,0.06534190789376176,-0.08633760515120409,0.21213518236819107,0.19864849037605087
0.2390757612338072,-0.1190173260873087,-0.06861742648591573,0.17420328649787498,-0.1319331522483546,0.16270828996408054,-0.07328270152025351,-0.032317242805601554,0.10613520499691481,-0.1848369861551024
-0.18307375245233393,-0.07518561619483982,0.11751666686569101,0.06419058294450464,-0.03151458896650783,0.19013230270533793,0.1437594936692328,-0.2497877583977277,-0.0980605741797767,-0.0954535221636102
0.2333316258778536,0.23590638661074437,-0.13151155706103995,0.17766162133907848,-0.11276607035423897,0.07995262760873356,0.2073633769897843,-0.1940167469350933,-0.13202430002738075,-0.028349703092016287
-0.009975296256814148,0.19462808023947303,0.15660305550006798,-0.036944021000302585,-0.18519802958765552,-0.18547939342736813,0.08377268900593005,0.021511066790193045,-0.0945198622263998,0.1275775763958812
0.08655620658157598,0.051472315829619364,0.2302866276661502,0.05246878318902659,-0.19134011967184927,-0.0891068275408689,0.03829223334285253,-0.18868154585499547,-0.1852567928945268,0.1659457716737363
0.12570413887021936,0.09533200307950268,-0.10240048783723188,-0.1404630963268988,-0.061020352185543525,-0.15510436293282548,-0.0774513293149961,0.2182231645301062,-0.10751042147490902,-0.09036050801265855
-0.22006604647634143,0.2163479960154988,-0.12339314979102589,0.035209231165047594,-0.21999177321488567,0.06344013233680812,0.22203239211719927,-0.1681937439882134,0.031512160092685704,-0.11255820715772163
0.12416289304461009,-0.06191378449963947,-0.10352614813736322,0.1839519028875044,0.03472436706321802,0.17354920357597514,-0.06448329798445762,0.22194749698699323,-0.1561725829030532,0.18330928863613238
0.08840512434766401,-0.12708141887446128,-0.08628584806127393,0.06933506064535566,-0.11624699756228468,0.09121510958096635,-0.22135005917849676,0.041855947385798176,0.07698564730124913,-0.006780202885983022
0.22577199071373855,-0.14471023711035896,-0.07722241100857247,-0.21543885426907777,0.1422992599237191,-0.1270164939432828,0.09587518060896161,-0.08792486902675006,0.002939237748713075,-0.12313959060311075
0.04499205587940691,-0.060002472803521445,-0.19100185771769584,-0.09073789410389366,0.17767337936175503,-0.184194686126808,0.10620352500163799,0.0847763456666844,-0.15445029816129502,-0.18701504759731385
0.21426603042576564,0.0038351533616931,-0.23024870716118273,-0.13221400042271364,0.06598171217082455,0.08228805542904877,-0.23983591290952494,-0.16108562943574362,0.16291735865951645,0.13429807371668917
-0.03331879359543988,-0.014239208916766888,0.189300524880691,0.0016059455052397364,-0.18454298101458805,0.09243462511536582,-0.12698993041589496,0.017656220905895526,-0.06036932560244296,0.10057878216594174
-0.23831469505693997,0.218939624929889,0.06360763208510978,-0.24889937160471204,0.03566704262844195,0.11366561832928113,-0.1997769687229336,-0.06667378480315467,-0.17199354873228,0.013863688389624151
0.08925918384930648,-0.06495909776542702,0.12439138620440576,-0.10351541798330044,0.1432138813729421,0.09488098474582701,0.09690628948273045,-0.20103083572680985,-0.1263677574556108,0.027448755632420774
-0.1671276387484663,-0.020337246107446527,0.24168752240050517,0.002748088614091704,0.003553535943875752,0.19554001537855492,-0.12614988224985474,0.2006015524940024,0.03252237546352188,0.076253524462436
0.1188496509088533,-0.08368088325189638,-0.06540700469895622,0.13311134646563594,0.11262444120277754,-0.010003008017708148,-0.0365596218709488,-0.2375998507125744,-0.10370306270845459,-0.042854674248965885
-0.21687943868316734,0.22133072427958722,-0.16769531649229508,-0.162029348029613,-0.21015139847848957,0.04299330215845082,-0.22802822498225833,-0.21987305878739805,0.08328601902786947,-0.21218783915655076
-0.1540677134379525,-0.20906580925435048,-0.17203840069882204,0.18495673950503783,-0.24390687682892892,0.0871666842084986,0.004447889570004637,-0.05352163641186375,-0.1366751365926589,-0.04921382916975836
0.0702116755019771,-0.17897947986726154,0.16921740731200186,0.2311802156715696,-0.22985705528220823,0.1321018827290093,-0.20972661186270014,0.23590546312577926,-0.18232816282901343,-0.028090291246320676
-0.13215647847987066,-0.07639987037390322,-0.11549648429007292,-0.0128080413176207,0.15071706566611487,0.21412717491648842,0.03670704835976235,-0.18270231650869756,-0.10405174069178424,0.08719603666048942
0.10217171337360076,-0.09260743811777211,0.15482894515432655,-0.1327803306910787,0.15383363301821357,-0.12365546265912125,-0.07521510243340607,0.22790355986156913,0.14121872250607453,-0.033605852089274635
-0.11723809795043583,-0.08655768568479583,0.11907664266389673,-0.016846662071193175,0.13085002051139438,-0.1502591588927898,-0.01155420548995939,-0.09508243018766621,0.15437714935150254,0.035860888204208075
-0.1792331511685653,0.2002174204381985,-0.10583551042688716,-0.04055581462846419,0.13555139432704255,-0.16492541370949104,0.04246969676319673,0.1006667623394702,-0.16599423341081693,-0.11439885205856293
0.17914446689202868,0.00012297064705196759,0.143064324739952,0.12209080911138209,0.004126974429174812,0.2235807157182234,0.22291934343919567,-0.10040477390459851,0.01449366941186686,-0.0888086592018873
-0.17189321185586354,-0.19383686596437627,-0.23064440799223107,-0.10315923916567671,-0.15330236557613447,-0.0946829652409848,-0.11381212869321228,-0.10670739787711941,0.010316877077586495,-0.008520774602747971
0.14845663182728897,-0.0402125175878002,0.0802934570639332,0.19201121679079253,-0.03243323412763649,0.002998254739330186,-0.16184467380272205,-0.11721436036339122,0.023337829849570002,0.1602768127824285
0.12392695857745906,0.04458670058618147,-0.14133379441572297,-0.1765931096047363,0.24424356270304548,-0.17749052036159108,-0.2328480326438334,0.06025360664157303,0.02403133729280621,0.1634330818869026
0.1454512168727422,-0.01784561691033454,-0.24247385508016273,0.012487980436644175,-0.13629617949265127,-0.14021452627902492,-0.1135147131804139,0.10668000951270828,-0.03981862574297057,-0.10158032608776241
0.13985567965743506,-0.07729425689313196,-0.22744630342471356,-0.13213627715414783,0.14974051870367544,-0.14816016218943734,-0.18344096370775725,-0.13327580707866732,-0.20166937637047866,-0.03030545896279674
-0.1402789206061944,-0.24734654981610416,0.14664533945303815,-0.126129610628273,0.1491702988468211,0.12468477482610407,-0.04797895656299139,-0.1352420291215249,0.16603629552475363,-0.02332600534952156
0.20628633561250792,0.017121118303959904,0.08863301623417458,-0.09884996167312415,0.1316309169258537,0.14625029926455618,-0.24908136075377513,0.10732130338723639,0.134496454686994,-0.0881497575550399
-0.20123109104098663,0.14254586929976526,0.16554300881010636,0.22627655348717218,0.18028303627147735,0.10244991247146296,-0.09777887987501277,-0.19105091048339384,-0.016071414961937147,-0.05177602501457679
0.15274363116547773,-0.039461764983394376,-0.1422362789460604,0.1679014571436407,0.03281023367704189,-0.1714598468730708,-0.15411454861775298,0.04894159781441643,-0.07184072674950265,-0.24851356992412177
-0.15587693504129735,-0.09798310086876805,0.2218335747109892,0.14131778099286207,-0.20036155831795616,-0.11996885126835105,0.03032100691455286,-0.2092242671999427,-0.11661741949813875,-0.09285593864928615
0.15701700014823844,-0.17749842736532395,-0.18708945606238953,-0.1800384827891084,-0.1735557316276543,0.23862726657207128,0.03375041465799378,0.1774979982610273,0.2418524208999076,0.2187293381145472
0.24339712893302712,0.007070158793585191,-0.23084991276297795,0.18474479232356816,0.025261255431122343,-0.16787937788676843,0.060840341213455607,-0.021942490884919008,0.18319730510281346,0.07842019465035349
0.09568573425137283,0.020687832342327406,-0.07922682510626683,-0.14004510588865116,0.2236697828355786,-0.08980040313222448,-0.0737423453057699,0.12904646152402122,-0.050284668692278545,0.16386106484932927
0.02678405764658598,-0.0284854904807173,-0.027469244227479372,0.015480521083076793,-0.009986115965643527,0.10089724139876222,0.10101256640473916,0.0009606275524832175,0.0591110368516477,0.02700453558563848
0.22154972864523248,0.17766893468821632,0.14225281026920195,-0.07349871408984476,0.06628542081813704,-0.18932637769209348,0.10231258525481257,-0.02118812014215965,-0.07965000484589274,-0.11209808586301268
-0.24244216089935922,0.025243570953087047,-0.20748987633211452,0.23358410061810275,-0.2047330422102261,0.043346313014258786,-0.04641640183362311,-0.1872475885203373,-0.24332252414133504,-0.16980591693923358
-0.057675851416171486,-0.21995096484203758,0.002913231348135925,-0.22751355776064447,-0.1687594065251165,-0.13622632993336276,0.08151768579192892,-0.23110823820608417,0.07177392952772849,0.016244844403334013
-0.05226253586217772,-0.10382778740722798,0.03899138196833585,0.1158763813517254,0.2378470839642146,-0.057090700081215584,-0.031455912007826436,0.011977876015386801,0.0440917253602921,-0.05217988835226228
0.0009249479482854039,-0.17898702205868094,-0.19181771096602734,-0.1490056891267118,-0.07297285880271381,-0.1613619898163488,0.21913595564168453,0.23473247991606683,0.13206171416290297,-0.142727830778199
0.15211342371933106,-0.0732067635769727,0.11986627757046142,-0.12110831074729855,-0.11701436020005851,0.08032673306377963,0.11690909937899047,-0.24171694493414397,-0.12197195556467927,0.09704884208733078
-0.15043384340389954,-0.05862426599333925,-0.22934786376559252,-0.029931861364369983,-0.009834429582205262,0.13717331325752052,0.17275953989511023,-0.09534281863026067,0.15603415135162374,0.14091566665726563
-0.0603651233837878,-0.23680244209363088,-0.13414126637262802,0.021478315567836526,-0.24326830017049011,-0.12298484715824759,-0.011534344671172425,-0.1750397372671031,0.014553053713811492,-0.16925334558177746
0.1312716957414971,-0.08536760176920877,0.21147623134059412,0.021474343162362575,0.2131489354866341,0.1555292836771795,-0.13109471115140325,-0.1361781016757032,0.008779145267838684,-0.13815867887358813
0.172535773380106,0.17364953838268127,0.10406976100407217,0.1545758758881795,-0.08818159062464898,0.14586626621995935,-0.011705039144910612,-0.20472989785720302,0.11290712419437693,-0.22062352705261684
-0.02846445162144884,-0.08041434960929006,-0.1030823074144045,0.11004756885505401,0.04707648645089857,-0.054625139787768395,0.20327372448200803,0.03414033871510036,-0.132622094996437,-0.2367700250195276
-0.08459671981107064,-0.1297910698837973,-0.11752265747640966,-0.24490582692221002,-0.24646154512780433,0.14038386701309108,-0.053510787749167954,-0.21232394807237231,-0.12325964315554228,0.1814670885575848
-0.06651748831875348,-0.20256638125303694,-0.030775095484402826,-0.11741355243368978,0.004324945814536241,0.15747891107635525,0.2352279719844162,0.11360113985788328,0.06661014493428008,-0.07733534384782204
-0.0920525730530487,0.15750874591713832,-0.16957429679332525,0.09607782969559264,-0.14567750853236816,0.1674327016177221,0.24144794407851117,0.053130846441929724,0.0037895950054716576,0.17890741867782128
0.2184756510725367,-0.008436504169656023,0.09292101872493108,0.21245142293951663,0.24775146302420015,0.15842282984170092,0.04897182108435438,-0.24911068640219713,-0.00423237826364925,-0.05494633023725004
-0.18493301277244778,-0.20499174876174864,0.01775699220746424,0.07262007868521553,0.2392353497310295,-0.060129402496056195,0.05669308431210529,-0.1554673188115157,0.18095533126202595,0.04984965800806135
-0.014340874510924029,0.019408761712787825,-0.1284919959619369,-0.11879072848357958,-0.15350681188384924,-0.15797811448478344,-0.07407512336703215,-0.22608686708093712,0.1824910398936352,-0.17453085181313222
0.20109072032278053,-0.23469973770241925,-0.21007626807771035,-0.09468116874106369,0.22926019747919635,-0.23627717026375705,-0.23076139659970835,0.1392691433728922,0.20862386768209817,0.04476487598706391
0.21892734391984275,-0.20847892563477471,-0.14760036716653346,-0.015825853969411663,0.03628296125344188,-0.07226454068367538,-0.08319405659928808,0.1117647773060032,0.034364847082601624,0.13504611075530315
0.11816292223997649,-0.17106907728801923,-0.1901260161825148,-0.11130175641113094,0.12414854772338746,-0.21618312631378395,0.16591593758613338,-0.14206774674027894,-0.020796409430690665,0.021742860161407307
-0.0805921350500417,-0.17180936856401408,0.19221812376771658,-0.1890278291903112,-0.008786933444306144,0.18337272470595184,-0.11762315632500564,-0.09746347696067803,-0.1071905600412369,-0.058346149931465585
0.018395392969973945,0.09035221059214538,0.11737750448598644,0.07930205737381107,0.16723955411826974,0.19283915375127658,-0.07119404401300633,-0.18535175152627587,0.20195772537407614,0.09331670721080532
0.17278129560567596,0.1948290356497599,0.21121936690714843,-0.10465228546932581,-0.1575439879268522,0.16677913892349733,0.20303019633879976,0.03860153313969955,-0.03617115239477092,-0.13788236925220287
0.2350481518540044,0.22837320344261686,-0.22799630301914642,-0.11651042855865501,0.00202139075888913,0.11451293505333376,-0.16136266494746293,-0.024591107832927228,-0.08936144544704977,0.18210891757371833
0.02972083146318394,0.1263910255821029,-0.1417807926828744,-0.1233861490643619,0.23366303633162594,-0.20609329404186816,0.11105484632488222,-0.047083962069402185,-0.0359451334278974,0.1475308710974359
-0.054485458737561054,0.24603759766442035,0.08356146810222065,0.13278933732511006,-0.16295954800654727,0.05411244411395699,0.05194209655800491,0.1798003652632426,0.07027102905140459,0.027969837294760547
0.0804487728999988,0.08703896956295248,-0.09882523540608174,0.06838427058010693,0.22012884724577902,-0.01963534913984688,0.19993365231282068,0.09942083611614583,-0.11880915134243258,0.2175154180465136
-0.12461617013186721,-0.17709450941484167,-0.04631940973232829,-0.17816765435594534,0.02468045215442205,0.12699530982303836,-0.07482595549977789,0.030543764518943695,0.09162307669548803,-0.11170448071106637
-0.04196104356359487,-0.22126802521884842,-0.1925442827865041,0.1518352228498862,0.18422561943512772,0.08592500279407955,0.21790827961705755,-0.2290963584455168,-0.21010960800656253,0.1907122550083314
-0.03417211750402016,0.0015662949024624062,0.11436113536470366,-0.09576692679733634,0.041853480560219314,-0.18292825178173938,0.15166636575215325,0.0631920579903158,0.13180872828660822,0.0724067224841971
-0.22401653955371592,-0.14601845655402163,-0.19957482451403535,-0.15646824800294623,0.0668765183093899,0.01162389818306292,-0.08397216046901668,0.1344801319004758,0.16409311171231256,-0.0028309541079855616
-0.17508444095581055,-0.17396600573402066,0.23262136596380667,-0.14883453854333978,-0.1793954272683721,0.23162003291337502,-0.039109166493152825,-0.21253666144461736,-0.24305889117806867,-0.1837759296623735
0.06387730341120446,-0.04896416665979092,-0.03401897248727731,0.08269605594848023,-0.13252365603674704,0.19523723094969048,0.22264428773334227,0.02899724938433773,-0.03723139414644017,-0.19919103390996978
-0.23578313490520358,0.20593617186128177,-0.14402928965671513,-0.13796762327908507,0.15974472867114164,0.22982618259019516,0.04249050169469121,-0.06072816528027214,-0.1849860805134479,0.01697869892101861
-0.13219561081092818,-0.05839611937570266,-0.17969541874325073,-0.023346789937412793,0.11813774006347527,-0.21277489281408613,0.09532031715549844,0.1280751453589365,0.18128693110775668,0.050550676695069685
0.24438770430746165,-0.2034098123803723,-0.11463288529722765,0.00716367479160579,0.0865598649847718,-0.22934166901408443,0.10512911827868132,0.08102912295957837,0.08597608434679249,0.02289750042101757
-0.16912147554411144,-0.22653700826136436,-0.013499634636026991,-0.18129494386013117,0.005096619295051341,0.1110548048093894,-0.0032274809748359945,-0.2084308667989333,-0.22200031638446466,0.0024848640260657917
0.21691789389238697,-0.1588772886881369,-0.1448334990178604,0.0019138379368450753,0.14990851995641608,0.1312400578007062,-0.10350965214842539,-0.06880444900273502,-0.16671872269284116,0.1955033233856136
-0.06501572204223827,0.035821658507287524,-0.11598881591160626,-0.06691523929964888,-0.1278798786558255,0.17935134101720668,0.23737693695565554,0.1254811979874097,-0.10115864257972096,-0.18365210095407786
-0.12362009550801051,0.0820146034608007,-0.09861498237674787,0.055674092028413336,0.07974270395806643,-0.2380849345208364,0.23940729711921915,0.0043974319943762,0.09403036255528052,-0.0718179540840625
0.17631937043600138,-0.11513590201489426,-0.11845749000297257,0.027559909000875626,-0.19178291729990782,0.09260032743369345,0.012683066995096137,0.1378230623228548,-0.039580897269303084,0.02536173097470057
-0.08365211487949098,-0.145955484235475,0.06184409110819389,-0.021579232384203062,0.16490272268438633,-0.015214157716536114,-0.1702268895580344,0.2143281262636475,-0.0946009317915692,0.22112344702403686
0.03148976925183583,0.05571757895637014,-0.16783760678922455,0.1004034599382021,0.06561431192881823,-0.06065869927397649,0.1709377385955373,-0.24316865846376856,-0.10054415765655561,-0.049696609204545994
-0.2280149467464872,-0.12246396430149908,0.20596529615815684,0.2371709646195666,-0.11879889757977186,0.16828353814129482,-0.2426937040536956,-0.19524739521045847,0.01878923284804429,0.20524528817801962
0.15265015129030618,0.059773276334679104,-0.22512985318645123,0.11027827204579477,-0.03561685357394867,0.1867369171183213,0.001067667656998783,-0.09374518254710318,-0.09345729695015631,-0.08843542903357043
0.03132135353154686,0.06619448778457876,0.19301670546617317,-0.1770617941779115,-0.15426560614108048,-0.08773931243885158,0.12602907063977142,0.03272680162503455,-0.07532197716054073,-0.19777924463255897
0.09709029683764892,0.06644507855542192,-0.008224228188291549,-0.22471253521773082,-0.10294576299171909,-0.09333938645060125,-0.06389919123003357,-0.035714495379040645,0.08616823963167186,-0.20374722156238245
0.05344830966938935,0.06921407671494645,0.1211546723572905,0.1699563035328263,-0.002519492765927056,0.21475682689741327,0.1837597625613207,-0.24660783350849758,0.19114058183107258,0.06943586041434519
-0.10226141153379292,0.0021994007826020567,0.06282278343434827,0.2053651214971512,-0.03808442143807139,0.2221372780824995,-0.1789490172231885,-0.21853312226336258,0.16656224545540244,0.10755720617744347
0.14223966040566666,0.19598114870730854,-0.07878590831794863,-0.026449614002978572,-0.21559578362231724,-0.0007047276156462168,0.11157356881924213,0.1459032055345164,-0.10730994591118526,-0.1212865468487267
0.0936474461301181,0.03103871249191359,-0.056577537774425424,-0.09836045151649342,0.1749226154956306,-0.174930425457147,0.027862095590748592,-0.1849492005554068,-0.06590222297125392,0.04049637066282202
-0.24972528818005962,0.16073141229746218,0.17100877758389443,-0.05535319457424476,-0.18772284562966846,-0.1222868995140089,0.15992530564239976,0.24655606165160415,0.09875786815055354,0.24249702395990014
0.22405222058918212,0.20590334342925498,-0.10251363867993524,0.04247431889980546,0.05420579980700713,0.11232170540776665,-0.059246804642751505,0.15610982029988552,-0.21674852182282445,0.08889913424565032
-0.16338381277836805,-0.21589887393088464,0.18543773619557208,-0.00968268165870706,-0.0943632201376835,-0.13755081156115617,0.13091814704984972,0.009969110306636109,0.08844669161667207,-0.09675503720107431
-0.09189725741797222,0.2312224693080117,-0.18665321053512174,0.042896558322974565,-0.06740593087092961,0.17341349609593032,-0.19468391843008503,0.243900695531917,-0.11106526345858936,-0.23921148610647258
-0.052084232301367495,0.2134819143959895,0.17182841690161565,-0.1739367303442187,0.1594907731908322,0.20359004579859036,-0.1471377056961607,0.24848201153846788,-0.046351550882207826,0.14447076137228887
0.17568672831600574,0.13664680268912172,0.16595824001342507,0.2472231853507454,0.024928310867251058,0.238548826597257,0.16167631096326102,0.20127520655367076,0.09339377518311531,0.24016512143494173
-0.1329303635417446,-0.13585800614402044,-0.17693115236537094,0.10023269928772466,-0.20979539826778443,0.22117150218316933,-0.019061638121486923,0.028670558158992665,-0.2130020526523806,0.09176976712364082
-0.10895966172123284,-0.05652978644085277,-0.02463612928614234,-0.1403585252712557,0.04414772989152216,-0.0851570074652323,0.036364018348370386,0.14906615378320404,0.1967809783550742,-0.12008723389846937
-0.023595693543611962,-0.20152358104079793,-0.015883929408414765,0.01718287232658877,-0.22026854015607528,-0.21525459478252945,-0.12555192591631342,0.10180474459311306,0.03250106228856098,0.07120799572842845
0.12326792704699768,-0.10369577612262582,0.01655037516223734,-0.211591959258408,-0.023231108487588192,-0.08922808234532448,-0.2442731693461967,-0.20115861675905028,-0.12565658405506092,-0.17082765284888252
0.15780976262091867,-0.053111869975495773,0.2026545238667395,0.09611348552959015,0.14403425355387023,0.16913582972738722,0.1760684565691546,0.09792308265714822,0.22969552668943716,-0.07324885173084061
0.225993240527119,-0.12268550378816928,0.2010932915185883,-0.22037996719962705,-0.07544069429319494,0.07528060211637627,-0.03351478681721776,0.16481072838040617,-0.2479704313552188,0.05311684306812492
-0.06585476605926655,0.1828927267031385,-0.2201637784102512,-0.10001611280437267,0.0719784280100918,-0.11955144114777116,-0.13979104208664994,-0.07669753213674352,-0.07770290829040738,-0.24549116533373466
-0.19122694852127015,-0.17259321083159068,0.23936623698928938,0.14576461953495196,-0.0313304146446568,0.02698880653769814,-0.21468373643483096,0.08462429122495818,0.16724199907342796,0.010949538755313903
-0.12492272349225053,-0.03135908684631572,-0.05229534440545719,0.16886788924782126,-0.13489956960796562,-0.21364744795487817,0.029062579826166668,-0.09297747941852874,0.20779314493710543,-0.23902214508392605
0.0072957316948085715,-0.07324582682387898,0.2038857479699102,0.20557481701661723,-0.11470232056668717,0.1278037674926037,0.07638624997036786,0.21730330456078145,0.07030796488671032,-0.0416339454239813
-0.01438614238251179,-0.15883175620989715,-0.1789871805207356,0.045683465924384214,0.05705383974925954,-0.16126207088986522,0.2233291339477,-0.19733016743913812,0.13839371092467384,-0.02919923512718431
0.22601096424604644,-0.13657064762174076,-0.12181653901170153,0.13049668456459884,0.07935564032345899,-0.12977007663754803,-0.14415307095663027,-0.011723647034903195,0.167814127716288,-0.14946430310301134
0.11669365014431843,-0.07714211358198597,-0.026464155123206268,0.004242222442313648,0.0924875720355729,0.10663683511300032,0.20946536113922204,0.13891689752990555,0.1194649132622071,-0.10900802508076646
0.05426996328829514,0.011754875753256622,0.2447296651776949,0.2195493592333172,-0.03928462142850769,0.19049298257480968,-0.07874970641426265,-0.1348224387721953,0.24453904543130933,0.03822567849484626
0.003995514086510277,-0.0798484795809789,0.20624336397397836,0.04273863853005577,-0.2332947803760878,-0.046824164078888064,-0.08429776074351991,0.16847868771673996,-0.005339403976146517,-0.2168512335655302
-0.1617614928482013,-0.10648463621136955,0.23186936713117756,0.013465493833539954,-0.01584010587847512,-0.11845338954069806,0.2344691153879518,0.06888409103843562,0.23577938582391433,-0.12667647639578522
-0.22996053469604566,0.23556788070082146,0.05532364803863593,0.061156232102862806,0.09118032266224663,0.13611927951236513,-0.059646889521580204,-0.061236069023616724,-0.09478158334660336,0.14771031296511733
0.22925089968573786,0.186601445242926,-0.14786476219372163,-0.12081085508744765,0.10507413389237169,-0.1742323503522053,0.09284593964233906,-0.1381113030776291,-0.18042732689598762,-0.18827291656816997
0.0003648499959131857,-0.10402215713340529,0.09851548908891572,0.020474348712958557,-0.20632436542059374,-0.19524014893350344,-0.1602416566539926,0.10250389521947417,0.24591057707371616,0.08776055566713581
-0.14413920595620522,0.14034334667565235,0.20329461350736505,0.06433239580161215,-0.1282688083080062,0.21131658300844453,0.08379091944712719,-0.09323256347882813,0.16728208264257166,0.15174582450319896
0.2168744791998357,0.1274152774421649,0.05780325951572812,0.05547549255068934,-0.07215508957251521,-0.18931820580353032,-0.10121298050128646,0.13218900427526126,0.11303639590310305,0.03945628132529183
-0.20699734312786877,0.2123585385036753,-0.23796655924898497,-0.06316139000778065,-0.1711555731071684,-0.047063008039636534,-0.09765741984405679,-0.04316493557208795,0.2271678815711345,-0.2250882325204283
0.08129588039786084,0.20488334235395883,-0.21741783217761718,-0.11553111810493943,-0.19369750302335653,0.1912014325694646,-0.24895523712685436,-0.22499280625219276,-0.1570671096769936,-0.1077199077730282
0.1323216761934523,-0.06941914361283125,-0.14996479659788603,-0.062387209564903456,0.20509879315924745,-0.09408475583266163,-0.24343903402865974,0.014411035207544498,0.05558534163869444,0.012276673607974464
0.214335391568433,0.03754825075353835,-0.1198662937356566,-0.15320142816144322,-0.19714635555465326,0.006956684161187943,0.2367064714299134,0.2049208312256678,0.1640797968295093,-0.15188415413676448
0.09406371194926133,-0.22502339908809993,0.18476218842395398,-0.19292784929798645,-0.22218646883724347,-0.15933379552277244,0.06511617357080329,0.10761238398758471,0.17155473690936174,-0.19537336586659748
0.12272315387640997,0.17386380160006737,0.13115000280184025,0.19054857693989746,0.005133642320996723,0.13966868240309793,-0.12877044942196886,-0.07331816403935759,-0.0441039922228314,0.20677633996602485
0.07231638154741993,0.038979174988024445,0.08072378812404385,-0.17132821310523655,-0.150744233945513,-0.09841787460825702,0.16070993524479749,-0.04808783779067327,0.20047881057155154,-0.11471411332058229
0.19227072936464884,0.14604852563263626,0.2216300838363523,0.09041070250262456,0.2165952182286161,0.18971576528219164,-0.16899114873453452,0.20238546334874602,0.21977662685841526,0.11000395877835101
-0.08509814776261054,-0.09088416577312458,-0.14108495810262922,0.08888265699683567,-0.20718371716517325,-0.1591474069958153,0.05434579909780618,0.0006128633318908672,-0.08660739214841684,0.09578449395005967
0.06866699620676431,0.16810781862999813,-0.22755037897799812,0.03789175745714979,-0.14138999788246082,-0.11871370078749233,0.1339951426430921,-0.15361325926654823,0.05808550655579686,0.23855959278705224
-0.1672111600786541,-0.020739803559360226,0.23568094045910615,-0.23964471797424824,-0.22433606073018658,-0.17930148979479144,0.21978971465751485,-0.1370102423723365,-0.19476867361260952,0.1072826570960631
0.07836561998778996,0.11006360515767294,0.038989082345239345,0.19619643809744253,-0.1624306152577591,0.16016409189898956,0.17004049218878475,0.193818708278915,0.12431577356670231,0.19251590540057528
0.209436900493641,0.017443809933779586,-0.15814043444822967,0.07376403180641639,0.03638717047914475,0.14782095439888665,-0.1682311783927739,0.23741225059393867,0.10515477156522907,-0.10569577685117998
-0.21227737498962862,-0.031072611192108912,-0.06478030174506733,-0.10158050069958413,-0.12205816810948089,-0.06291458185351179,0.2006126457742276,0.042039091532265704,-0.14082144622422205,0.0861980704273495
0.2307102461512643,-0.21142046032846912,-0.037844570637316444,-0.13478255561309066,0.1911110886084696,-0.12780774946133616,0.09471854540837771,-0.03158141943139153,-0.08120597690111286,-0.22060475241712096
0.178149391932318,0.17629134561958681,0.21854905600060942,0.1724236821767568,-0.14918190135047776,-0.06931224172347633,0.23556694378497944,-0.24684670520984292,-0.19518098993946953,0.15864047478842275
-0.07857003364714599,-0.0445754616864375,-0.03595595474888169,0.20695871499522328,-0.05251520122933018,0.0652699970677183,-0.0989938093359854,-0.07333058394264724,0.24493216140618368,-0.058079236600233786
0.22420178191219542,-0.13325042598971426,-0.1280981356179517,-0.24000595522753548,-0.07637797400500945,-0.18019291069185078,-0.22423332452733197,0.24718231305192068,-0.07361712584816732,-0.2011804929909236
0.04426643068776703,0.0970333864279393,-0.05668635058721172,-0.02267626138891715,0.07812625677520929,-0.1957018626589998,0.09725835355564871,0.07756368488021814,-0.04692826744073059,0.009704682417808197
0.15104211811624035,0.006392515092370543,0.004640591965480556,-0.04648282292022399,-0.06183597459277451,0.16887694684795285,-0.1375133781217912,-0.21970144128443286,0.09481071485784559,-0.1692164542655648
0.07193735497821879,-0.06255767744076923,0.16396145435608256,-0.2313980424183823,-0.21178728075331493,0.1885346054542968,-0.006903932816987757,-0.16225659460441505,0.01155523114771756,-0.23262301927056633
-0.061070306780498684,0.21776220589265421,0.1572972955303693,0.158567533990967,0.028679297395547643,-0.08939157483230387,-0.18931809730899485,0.020317849096343543,0.04586751810605244,-0.2332141644701402
0.09389602183394585,0.18715784549916276,0.07806210052249696,0.03311489536294204,0.1554302431757701,0.13534841911611145,-0.21685288771068217,-0.20997762369473016,-0.19996964634209252,0.1088263382358754
0.10758902341426119,0.20699395008775218,0.14806510855940053,-0.00684973612490003,-0.20274968445778513,0.19216603572645308,-0.055723339246481485,0.016397695788489264,-0.10716857052977269,-0.07438472622560965
0.10494201788714058,-0.21611347050101526,0.0688938315177513,0.049981563171118515,0.17562452318316646,-0.016535929961335016,-0.11633363911467981,-0.1425918384850028,0.0443661310569895,-0.16794551900104654
0.13749766878190173,0.07696865064588027,-0.06866614488140582,-0.12167891268922326,0.12388782951673927,0.11229429741678809,-0.09395035510127236,-0.03958950372930631,0.05071735416807993,0.17319737526808388
-0.06565027861450051,-0.017362749376814812,0.073677337187524,-0.04128851191170313,-0.10691976841063294,-0.20876978790705725,0.21882697894491604,-0.24222424787543295,-0.07982261354532388,-0.09324220802122385
0.07627966182543922,0.247285700178061,-0.20676382794149833,0.03267707030035133,0.0631651806484051,0.14598864211828838,-0.11799746724923504,-0.16268685125164423,-0.17242429015959887,0.07259293937428885
0.22057267278432824,-0.004980380057506284,0.12233799747530161,0.1224681653059011,-0.1739542198959127,-0.06635085393188311,-0.18837982507128903,-0.09609473077642533,0.2071104221243813,0.1897287073630553
-0.14820025851616847,0.03750705241061136,-0.003989806218344993,0.14248939767910224,0.23360751222629145,-0.10440166212098617,-0.10107068290079968,0.06022323509879407,0.10537272968236089,-0.23657439073627284
-0.07959845962729067,-0.07870324208192664,-0.10216543928953953,0.19547580258447272,0.04135006964560117,-0.20566216750179345,0.04997943080357181,-0.057292956724110555,-0.022582555448473096,0.08856321712800436
-0.19053970263589137,-0.03601368275365052,0.07190543831170726,0.02408053560706519,0.1768899254023018,0.2223125890810509,-0.11884529016473772,0.003573477984607387,0.05661653169222164,-0.09963045375324614
-0.03302000115214215,0.0794990750662341,-0.19557980178259649,-0.020100461921518875,0.15117825793201672,-0.07443586771775162,-0.104984665590233,-0.005731284063998476,-0.03971193425667019,0.09846762617039839
-0.21360334693099614,0.23134057588129497,-0.10530479683252209,-0.23598069451305248,-0.14724744922160998,-0.1320664969404698,-0.16039493568384444,-0.05558408534920872,0.0958936661334911,-0.13503748557143963
-0.17155219393999033,0.22537608190205405,0.06888896946326173,0.013412033374928023,0.12119639525242926,0.23501469167666977,0.16230849814759968,0.18137401613195525,0.23122070888751295,0.17588554219272662
0.10689529722099483,-0.22981717089769438,-0.2208749733175766,-0.20866905947185677,-0.11841994059289523,-0.16153585058657355,-0.20938480126923437,0.20338785937753812,-0.15383382409250435,0.16780337764594033
-0.16034420866903343,0.1440728840236013,-0.07765691014753717,0.053356731506503385,0.13613419150097117,0.2033244507814212,0.1005489107045725,-0.2023629148776882,-0.20158222310695129,0.155277359662839
0.10974575256257696,0.07128760779976534,0.16799587450289222,-0.2000396756483463,-0.17145604882520515,0.08533445961417335,-0.05662718161690772,-0.10548114209299919,0.1970748498812705,0.13060951836560192
-0.014332331847287438,0.1456694468172008,-0.23830537214260428,0.12271772364813222,-0.02307559423639488,-0.16499511248207577,-0.045085102569024316,-0.15394502765141654,-0.12911717917066262,-0.018435301395973436
0.18812387347524728,-0.08819283915754328,0.07375760735006148,-0.12562767148099374,0.16275146480104236,-0.08038994313713216,0.06295707651712262,0.18229420509988814,-0.23057237031903638,0.230224660168319
-0.20618850118750487,0.1360296243176634,0.08429300483631685,0.09144231196093933,-0.09831872646388318,0.12213631088989152,-0.20880651025110825,0.03868326680028833,0.17561344982623228,0.1558490469439378
-0.0913869167619179,-0.032737305305259146,0.23819107912142745,-0.14311148567681226,-0.20295801686151987,0.042819148580371225,-0.040085874964833346,-0.10825239525096197,0.1822450537979473,0.15171570591101885
0.03795587208378087,0.17364248418291983,-0.12847216997758104,-0.23083459903446946,0.2484708178615711,-0.15892735878608383,-0.1390702795290089,0.07220545408597745,0.19004720623440335,-0.02003897577263508
0.010466533499838893,-0.24163987231717554,0.20599664866338951,-0.21104365967749705,0.14137232739533034,-0.05591254964953868,-0.15459901636110113,0.23433639123259747,0.20409208062022816,-0.051286668908614996
-0.07291522601145567,0.20137961440761715,-0.057119288046592775,-0.01989711207681183,0.20035800770988355,-0.05280223653620569,-0.15177198999795127,-0.03428786581056781,-0.18309284228167577,-0.1462966874942655
0.2213920960464128,-0.03270656267296279,0.023240166298654608,0.028107243000092486,-0.12730088930861838,0.15433279273132672,-0.014676202133278693,-0.18463722145771794,-0.09241425632494216,-0.14727853005535374
-0.076369603689395,-0.24028182166319312,0.03622459558934732,-0.15036236679423448,0.1954581429007296,0.10045565604874596,0.017442999454781616,-0.06762197289215705,0.08925744177480432,0.17950529086343997
-0.09717727807035592,0.16052795160929512,0.09580158164469049,-0.22104890014943074,-0.20254749606135086,0.2485395390411731,0.19692098562573113,0.019839051028533283,-0.21110297419427682,0.21225461263197387
0.20155083870092372,0.06638319419836308,0.05856935517433437,-0.19477636963111955,0.08839792250407424,-0.13637301221704973,-0.03539208455158316,-0.061250080025214315,0.18439694534732548,0.2186030176335903
-0.03821289296582381,-0.09926629644585383,0.028147590205813144,-0.20652415786947093,-0.1060218474413735,-0.07782164146976012,-0.004694629548497753,0.24762151464907856,-0.01036343446123994,0.15453876328094013
0.23470505478361525,0.20152678058454948,-0.0001021138098089569,-0.13988626082492628,0.1653296047049111,0.003507924620408054,0.1633105957806375,-0.2394146461986708,0.02728847556618963,0.1319220606786235
0.24515446257696805,0.12116889230225752,-0.12647466372685268,-0.19661979653287187,0.04033071278050404,0.24062042400999828,-0.026568787673066585,-0.16643679626814456,-0.1422490489590416,-0.12019150797545503
-0.043778917284530094,0.021975309170821855,0.18130565537222193,-0.07477927321618821,-0.0857092333066321,-0.061103335807407844,0.17955044167413536,-0.06764204419962666,0.19024210285520404,0.1672113846933203
0.10982233250748341,-0.0003585319760182615,-0.19461507101459313,0.1999220248331956,-0.08291625465585117,-0.021398141579734242,-0.020909880604951248,-0.03479097691467836,0.21931441127079232,0.19752162047279692
0.18200728373233244,0.24936102698038803,0.1295486738943516,0.10622498104051409,-0.23090178569556596,0.10105033307504435,-0.09785269418689391,-0.18242542672468914,-0.004845379882095491,-0.11057684394446199
-0.064467635676415,0.10038892388811355,0.15294791230447202,-0.007092747313622194,-0.15918144204418228,-0.054581992845541494,-0.1934738000948033,0.0427938632229139,0.05102080447649254,0.017264865297748955
-0.12392078286990493,-0.06818407002208304,0.04683347588869191,0.230252850537904,0.11254441164958201,0.17936952049451416,-0.1919828509016977,-0.07259411881184885,-0.13140801553629744,-0.0658760045995126
0.23172612357790823,-0.23729466137030025,0.19327591968047997,-0.109067830992302,-0.21617511693140118,0.02529376929649141,0.04164528721680599,-0.10913373418020078,-0.045197133231999254,0.06545579265657708
-0.08185648992359729,0.04020598875835857,-0.16545261049680876,0.23314639709267182,-0.15245210010692867,-0.005146756912725814,0.037657496694490145,0.11683219593138355,0.0531991272041375,-0.20031797024304288
-0.05252311469020443,0.2104392601837553,0.13285518290789045,-0.24393686288222655,0.055689815398284326,0.20357094856525698,0.03507015934623342,-0.146945104312458,0.10417366109225662,-0.11777487478098003
0.08887932744569788,-0.14187791868541255,-0.1270986924299754,-0.005314932757389534,0.14713151657525114,0.22499816472252354,0.24094082327325184,-0.014972041041411088,-0.09616135730059122,-0.11926466155025706
0.15031727877843276,-0.009822553452939475,0.17412416740827702,0.01946985608622498,-0.12988304279060758,-0.13441644992975083,-0.1789059545023346,-0.0864894331703665,-0.08330329532479575,0.21530277472923554
0.060610277932072965,-0.08176315563862752,0.1962518876810327,0.05204907070980197,0.17754726305598068,-0.06077461884882834,-0.24209671083848766,-0.032127590474137546,-0.10835814773112601,0.08573424203275548
0.07463921943577723,-0.04950938995951287,-0.02327915403387021,0.08191739922145974,-0.14505236800895932,0.24292910318114685,-0.06972465477869028,0.20413013770230065,0.05452288356200191,-0.07570163250240147
0.17036285547178637,0.10714070728445568,0.21650535478259025,-0.24329600111568367,0.13487261258649752,0.04129627970004085,0.0802429818172577,0.1782366648632056,0.04764658476228101,-0.13771167537565082
-0.14270477503626688,0.0007474693253294862,-0.2264722006221629,0.06333528983283876,0.05133807163746856,0.15621559230197685,0.043814764528175065,0.12816176512481325,-0.09654126466063229,0.2182942575985291
0.21010924146704707,-0.07992851875076668,-0.09455761701715493,0.23552520827925166,0.16638437295682373,-0.030981263203780474,0.1315557357829925,-0.17432419085157297,0.06126601053007008,0.08988824177255472
0.14404125974176707,0.14288964502576795,-0.21130343484870528,0.0440842423828281,0.0485098480754082,0.12048625332237733,0.0743167876562757,0.07779616822371971,0.14432572371578045,0.2423878383713794
-0.20568311970438347,-0.10496208767646492,-0.2331876362752937,-0.11628190001338762,-0.03703375658638508,0.20470432522016402,0.21403601678966822,0.18575686110223316,-0.03286529355993073,0.12871707571886298
0.14053763527500085,0.015167470649914916,0.1667779567377124,0.05636493979767471,0.1858767819954496,-0.19426471038009901,-0.05754739320462954,0.1322792182923907,-0.06694145189972894,0.2359450810866766
-0.0995276123731868,-0.04803427002802274,0.19125412966505545,0.03147912834066263,-0.028903673038880695,-0.21898852204432,-0.026788310587949893,0.1451185084702875,-0.08167021411503156,-0.2259180873720681
-0.09982490279621287,0.051614196925609646,-0.13121802479182432,-0.20475378650256693,-0.041281993189992705,0.1600833764249548,-0.17582745002889072,0.10063952772939977,-0.23331021029391041,-0.028826037267260907
0.23984638368157907,-0.017051440266673545,-0.1605159808150598,-0.23334192622380961,0.08004087480836142,-0.21860783669277523,0.0856219992274761,-0.16957597074324837,0.23263700998981524,0.05031941317877575
-0.23049008253501319,-0.14222416483588868,-0.14701564778045378,-0.038667800834774335,0.12982809799768663,0.23275635002489864,0.03993980711936779,-0.1340511337646602,0.044142715049837356,-0.2028818942235276
-0.19056765711176177,0.015605735504767515,-0.1349052130077245,-0.01210887750205647,-0.00845712749970795,0.0775917975884236,-0.17374940477096296,-0.13968383013128866,-0.19722816753829636,0.19500273239713511
-0.19184056939247363,0.153020462690313,0.10366420158212625,-0.09811434286129528,-0.1821456430289371,0.23325139160799213,-0.23741752607118455,-0.24461758649710846,-0.2209511191863729,-0.03195501500375186
-0.23979564058319525,0.24448306987749896,0.12184636812990801,0.01562767441677171,-0.17459586178258268,0.2208656521894114,0.15414223020589068,-0.1876495874860311,-0.22827386265328908,0.11218472392980738
0.09011384953612517,0.08353089211506604,-0.028398149483370605,0.018155263611103478,0.06677762466316534,0.056792342299207155,-0.17618303173893535,-0.08092621582591791,0.15877858282529878,0.22119668183186003
-0.24043803082708676,-0.149388659421905,0.18258226356627,-0.16822259030618358,0.1694135196801979,0.07516784322633963,-0.08821217496378442,-0.1361896946265771,0.059397080746205144,-0.23448854132400437
-0.04999330146352615,0.20656443850191136,0.05769412190102463,0.20733392301180087,-0.03879165616282976,-0.0852478744350405,0.07460253769036079,0.16101030554738704,-0.040161634689982295,-0.15141549949270305
0.03428355886295109,0.06787023050637198,-0.0895518318549493,-0.09186638724786006,0.09389031838229944,-0.010963887370988579,0.13736777203214634,-0.2016779015283277,0.24543409445474285,0.11985609829072175
-0.17696903957065763,-0.20003252159508927,0.05750851488373904,0.1764378647682746,-0.12151174630634454,-0.1156422421464477,-0.027481791988407,0.0614798679639445,-0.20677121766198203,-0.008185711600430245
0.12241829532341786,-0.1939388811853413,-0.22162626095781984,0.08709408002915137,0.22569373575710494,0.2228026293864474,0.157414678631002,-0.13881671530698808,0.10840675672775063,0.05978661889398856
-0.03476194564284191,-0.014931708407617927,0.2203676588456488,0.2456552950737525,0.14826666593750776,0.175858077854687,-0.062429189823039855,-0.1862562591903441,0.24900970497433988,0.19310104051024918
-0.09920047705054585,0.0989355544019152,-0.12561949352482665,-0.1507230143189776,-0.024937446685802722,0.11611075404249549,0.07875778748770179,0.08577108275488499,-0.10306786752230984,-0.24442138845267553
0.14559757547256824,-0.054443415245933824,0.23835029296327953,-0.22866203363520743,-0.023409817021087853,-0.13131859665511048,0.11295708571380941,0.10567702539047907,0.22086467550989686,-0.06003564285522639
-0.15134454718871487,0.0799335084349842,0.197392882234747,0.05976154220262603,-0.17993414476559277,0.11732466971072386,-0.07302144465026184,0.03559693613630699,0.23341623214452673,0.11634354679782677
-0.14627487092871327,0.0846216608102957,0.21635664342526206,0.16846092506867422,-0.16384556504829068,-0.18246326960659226,-0.2094130022341268,-0.04215709646779614,-0.06272212057778348,0.07242397835271858
-0.2006021890217078,0.02353893626585779,-0.21719307053328046,0.2084420476682144,0.09695558983971497,0.22141463519282228,-0.044930309622785325,0.05858049776434299,-0.11555628466093187,0.12355671113852934
0.14021700111226532,0.07274275520035689,-0.21039870076165057,-0.11466668177479794,0.19419346403950155,0.1611769991560839,0.2092914605442423,0.16858751996461696,0.13690417216817408,0.08968018218073659
0.03204495562791165,0.037332801587802056,0.14003935887164953,0.12861419959250547,0.05804006708119819,-0.09528554547621115,0.11506675100958363,-0.1717112598358656,-0.21395191287161375,-0.09252325776821996
-0.11582317037099682,-0.09846390582812137,-0.24697753577825632,-0.24009106020276727,0.08733433205020746,0.19654980929818322,-0.18505792666394982,0.2498837560289628,0.11562679206368265,-0.23319384990187825
-0.036681739773404665,0.06673619016463389,-0.0699635185582172,0.15758492298809168,-0.2228051616777913,0.2123648428266386,-0.15655754330509514,0.20347962267462982,0.010793033987994305,-0.09457510870878111
0.187815347406676,0.049068227683224774,-0.1847707822260708,0.1864288483840978,-0.15273739726606123,0.19817943681374622,-0.005911259039790839,-0.09907906867450089,0.18774486621480746,-0.23296663392963207
0.21214436732186015,-0.20848293710712262,0.13352577022267692,0.1493841567951243,-0.08239370028519533,0.07169551703166549,-0.033733609868048464,0.11280602946361146,-0.17842573695021674,-0.19563216066948536
-0.03202029460988315,0.08179802849567719,0.10799861080877604,-0.07901573743089474,0.19030135379408775,-0.12788316054097598,-0.2063027886920899,0.24571213531737607,0.14212727837156092,0.08733451257929409
0.040028457945830265,-0.03882757244386731,-0.10933581975417433,0.05826931909325428,-0.11166252110684555,0.24084900835969714,0.07088903253552808,0.14182526152312874,0.19192583438782373,0.04065769246250245
-0.1770792353465509,-0.17963245048705384,-0.006812339837829806,-0.015077996893162415,0.1518324144117073,-0.009427047737331107,-0.20635373047787814,0.09043043546236518,0.19372932743453303,0.028101790300953722
0.10778239949420998,-0.14350938020604032,0.1358450551359242,-0.0415064091739743,0.008618749100856138,0.248009250095172,0.2117411438617099,0.04785914755336396,-0.12425969740553588,0.2251051111607521
-0.2001832758339862,0.23404841083273614,0.06735576025859258,0.08738600285380138,0.03572783605213409,0.1496294577842584,0.22541051048125998,0.08442703891457037,0.12576053817902383,-0.12298828089994912
0.17702849240380625,-0.039366063930968476,0.12377332105808031,0.004339020563376206,-0.18045168724690652,0.0076262549703873805,0.14804878931606902,0.1645487581877057,-0.10949159271059417,-0.14012232123061535
-0.13399534761091908,0.1474120967357202,-0.06425526788491759,-0.22542994387296678,0.16229369537207294,0.11812894688252218,-0.10980641397654128,-0.24529801364642423,-0.21755247331664807,0.10265066282600838
0.19057098725687927,-0.06509579004457006,0.06738948449425047,0.20925914395941453,0.010017825718359075,0.023426440377343816,-0.11959172499257281,-0.14471302971549305,-0.04805838012399255,-0.18923161237881775
0.02033122379322133,0.057931314611112894,-0.21294626148466983,-0.13769511776315957,0.18127065988133761,-0.07454953782478452,0.09665744590550479,-0.19590604917684112,0.032277239355815945,0.052596326863009524
-0.24849134117138016,-0.06399197904625475,0.2023984665799914,0.13778040978106393,-0.08658375041258459,0.012163416833001539,0.054778157269553596,0.011539151592051933,-0.10707222097897867,-0.22927288931061113
0.06856226633937179,-0.10903832131751373,-0.21570736438927562,0.016205505378978857,-0.008770261101492205,0.15558455741050753,-0.10425382207721096,-0.05167678284888194,0.19426272643290526,-0.17917640130549484
-0.17764983077760438,-0.0351638468786582,0.13867322521797792,-0.15307094286893003,-0.2088087436019921,0.1760478004550573,0.1691950942158446,0.217393420422895,-0.036807967830674415,0.22391402445495
0.10458493500743171,-0.15232064186141842,-0.017579157725723882,-0.12708040848304886,-0.13820400560579332,-0.2074439622306558,-0.17384430677837492,-0.2086400702499681,0.08351654063774111,0.10411338619835653
-0.0604354730225673,-0.04161704221853263,-0.22198771779180998,-0.13020734983292265,-0.1523684246535379,0.20836582841172308,0.21535686892560296,-0.03358659140912884,-0.0854426131792651,0.006791727928833757
-0.040368421345034766,-0.20167201679110403,-0.12415233470488218,0.1864863446283852,-0.006330378794095537,-0.15121038614657112,-0.07956758802917913,-0.23352548789714495,-0.19596816671836276,0.21816548253883872
0.07579864398376318,0.11421838265849682,0.07107310385729826,-0.059141242366517244,0.025582728271662192,-0.15193283766234855,-0.24298872394945392,-0.15405171212836255,-0.06520530725272683,0.09692357463606605
-0.08844018957143679,0.002944686051373213,0.17691163333978727,0.09689184585710703,0.018040902841789996,0.17104496334815955,0.1883951640841245,0.24335766639243106,-0.02355741927154753,-0.20252647210378283
0.08505847585793747,0.1359117610244927,-0.1549235158181934,-0.0553059125149265,0.02048209444026383,-0.22272838238662357,0.18154272579093722,-0.035215244395367995,-0.1886117253637407,0.16376987617289485
0.06113426268975081,-0.0396163518853066,-0.1851886874153469,-0.23530141081036005,-0.01093589639592285,0.10720996708105368,-0.001525904806723155,0.24765556245714077,0.03215215162563162,-0.00531894267319194
-0.1415790297643682,0.17951630064786772,-0.07976462140323454,0.14138494098925009,0.14197381241039314,-0.050467852711739425,0.008581622343935447,0.22223671806457007,0.1413719147837616,-0.0396919865323308
0.18969873381249053,-0.12871607046867467,-0.19052074891846876,0.03927573868077128,0.2148246113662421,-0.07214139075781012,-0.180288036300086,0.03938719963269466,-0.212407339909033,-0.08872803053130668
-0.05233736394874172,0.09061927958599086,-0.05948992539715248,-0.22493949752806852,-0.12966866711189945,-0.21215132767518396,0.17976936485564893,-0.15953803030599495,-0.2391029487265977,-0.05254681070115841
0.24829727051679318,0.1956377932273618,0.10860483530149162,0.03498098909618408,0.12818841007173587,0.13118054505427496,-0.025403441632981083,0.2048668318233426,-0.02924579466309668,0.233242390055943
-0.07700234726457211,0.04594576736439909,0.17808604111523108,-0.1276573853899331,0.22460626952415214,-0.09807613953039185,0.16784972381249585,0.15547408963303838,-0.22633304664653048,0.09878783450232614
-0.027715859450459845,-0.19463407847738023,0.22290720147322246,-0.18438683165932174,0.1253435138328471,-0.10537382556628888,-0.091814120112647,0.1402692863355578,-0.10671475776517941,0.08259611660081556
